BN	TN	SubNum	group	hand	isTrain	seq	ChunkSize	digitChangePos	digitChangeValue	press1	press2	press3	press4	press5	press6	press7	press8	press9	press10	press11	RT	ET	norm_MT	isError	timingError	points	response1	response2	response3	response4	response5	response6	response7	response8	response9	response10	response11	handPressed1	handPressed2	handPressed3	handPressed4	handPressed5	handPressed6	handPressed7	handPressed8	handPressed9	handPressed10	handPressed11	pressTime1	pressTime2	pressTime3	pressTime4	pressTime5	pressTime6	pressTime7	pressTime8	pressTime9	pressTime10	pressTime11	timeThreshold	timeThresholdSuper	startTime	startTimeReal	trialDur	startTR	startTRtime	useMetronome	isCross	timeThreshold	timeThresholdSuper	
1	1	1	0	2	1	13524232514	2333	9	2	1	3	5	2	4	2	3	2	5	1	4	905.000	4385.000	5290.000	0	0	1	1	3	5	2	4	2	3	2	5	1	4	2	2	2	2	2	2	2	2	2	2	2	910.000	995.000	1875.000	2180.000	2435.000	3165.000	3310.000	3425.000	4445.000	4910.000	5140.000	-842150451	-1	8510	-1	-1	1	0	3500.000	2940.000	
1	2	1	0	2	1	14325242135	3332	9	4	1	4	3	2	5	2	4	2	1	3	5	790.000	5290.000	6080.000	1	0	0	1	4	3	2	5	2	4	3	1	3	5	2	2	2	2	2	2	2	2	2	2	2	795.000	1290.000	1530.000	2300.000	2670.000	2805.000	4420.000	4535.000	4710.000	5725.000	5925.000	-842150451	-1	9300	-1	-1	1	0	3500.000	2940.000	
1	3	1	0	2	1	51423252413	3332	5	2	5	1	4	2	3	2	5	2	4	1	3	790.000	3715.000	4505.000	0	0	1	5	1	4	2	3	2	5	2	4	1	3	2	2	2	2	2	2	2	2	2	2	2	795.000	1140.000	1425.000	2025.000	2220.000	2340.000	3055.000	3320.000	3575.000	4270.000	4375.000	-842150451	-1	7725	-1	-1	1	0	3500.000	2940.000	
1	4	1	0	2	1	13524232514	2333	5	5	1	3	5	2	4	2	3	2	5	1	4	460.000	3545.000	4005.000	0	0	1	1	3	5	2	4	2	3	2	5	1	4	2	2	2	2	2	2	2	2	2	2	2	465.000	500.000	1325.000	1615.000	1820.000	2590.000	2650.000	2755.000	3525.000	3675.000	3855.000	-842150451	-1	7225	-1	-1	1	0	3500.000	2940.000	
1	5	1	0	2	1	35421252143	2333	9	4	3	5	4	2	1	2	5	2	1	4	3	1020.000	5110.000	6130.000	0	0	1	3	5	4	2	1	2	5	2	1	4	3	2	2	2	2	2	2	2	2	2	2	2	1025.000	1250.000	2265.000	2380.000	2485.000	3270.000	3455.000	4440.000	5580.000	5765.000	6015.000	-842150451	-1	9350	-1	-1	1	0	3500.000	2940.000	
1	6	1	0	2	1	14325242135	3332	7	2	1	4	3	2	5	2	4	2	1	3	5	730.000	4525.000	5255.000	1	0	0	1	3	3	2	5	2	4	3	1	3	5	2	2	2	2	2	2	2	2	2	2	2	735.000	910.000	1655.000	2410.000	2545.000	2700.000	3615.000	3750.000	3955.000	4955.000	5115.000	-842150451	-1	8475	-1	-1	1	0	3500.000	2940.000	
1	7	1	0	2	1	35421252143	2333	9	4	3	5	4	2	1	2	5	2	1	4	3	730.000	4260.000	4990.000	0	0	1	3	5	4	2	1	2	5	2	1	4	3	2	2	2	2	2	2	2	2	2	2	2	735.000	855.000	2025.000	2165.000	2275.000	3195.000	3525.000	3675.000	4565.000	4765.000	4870.000	-842150451	-1	8210	-1	-1	1	0	3500.000	2940.000	
1	8	1	0	2	1	51423252413	3332	9	5	5	1	4	2	3	2	5	2	4	1	3	675.000	3670.000	4345.000	0	0	1	5	1	4	2	3	2	5	2	4	1	3	2	2	2	2	2	2	2	2	2	2	2	680.000	1055.000	1305.000	2025.000	2160.000	2270.000	3025.000	3275.000	3490.000	4195.000	4225.000	-842150451	-1	7565	-1	-1	1	0	3500.000	2940.000	
1	9	1	0	2	1	35421252143	2333	9	2	3	5	4	2	1	2	5	2	1	4	3	745.000	4655.000	5400.000	0	0	1	3	5	4	2	1	2	5	2	1	4	3	2	2	2	2	2	2	2	2	2	2	2	750.000	855.000	1920.000	2015.000	2145.000	2970.000	3110.000	3835.000	4650.000	5215.000	5270.000	-842150451	-1	8620	-1	-1	1	0	3500.000	2940.000	
1	10	1	0	2	1	13524232514	2333	5	1	1	3	5	2	4	2	3	2	5	1	4	635.000	4315.000	4950.000	0	0	1	1	3	5	2	4	2	3	2	5	1	4	2	2	2	2	2	2	2	2	2	2	2	640.000	735.000	1500.000	1655.000	1905.000	2570.000	2655.000	2755.000	4590.000	4675.000	4800.000	-842150451	-1	8170	-1	-1	1	0	3500.000	2940.000	
1	11	1	0	2	1	13524232514	2333	7	2	1	3	5	2	4	2	3	2	5	1	4	490.000	2820.000	3310.000	0	0	2	1	3	5	2	4	2	3	2	5	1	4	2	2	2	2	2	2	2	2	2	2	2	495.000	585.000	1010.000	1165.000	1355.000	2105.000	2190.000	2310.000	2890.000	3005.000	3145.000	-842150451	-1	6530	-1	-1	1	0	3500.000	2940.000	
1	12	1	0	2	1	51423252413	3332	7	1	5	1	4	2	3	2	5	2	4	1	3	815.000	4520.000	5335.000	1	0	0	5	2	4	2	3	2	5	2	4	1	3	2	2	2	2	2	2	2	2	2	2	2	820.000	930.000	1765.000	2485.000	2535.000	2650.000	4005.000	4165.000	4300.000	5155.000	5235.000	-842150451	-1	8555	-1	-1	1	0	3500.000	2940.000	
1	13	1	0	2	1	51423252413	3332	5	4	5	1	4	2	3	2	5	2	4	1	3	745.000	3835.000	4580.000	0	0	1	5	1	4	2	3	2	5	2	4	1	3	2	2	2	2	2	2	2	2	2	2	2	750.000	1375.000	1885.000	2465.000	2560.000	2685.000	3360.000	3675.000	3795.000	4380.000	4460.000	-842150451	-1	7800	-1	-1	1	0	3500.000	2940.000	
1	14	1	0	2	1	14325242135	3332	7	2	1	4	3	2	5	2	4	2	1	3	5	905.000	4590.000	5495.000	0	0	1	1	4	3	2	5	2	4	2	1	3	5	2	2	2	2	2	2	2	2	2	2	2	910.000	1290.000	1395.000	2235.000	2330.000	3195.000	4035.000	4260.000	4375.000	5245.000	5355.000	-842150451	-1	8715	-1	-1	1	0	3500.000	2940.000	
1	15	1	0	2	1	13524232514	2333	7	4	1	3	5	2	4	2	3	2	5	1	4	560.000	3135.000	3695.000	0	0	1	1	3	5	2	4	2	3	2	5	1	4	2	2	2	2	2	2	2	2	2	2	2	565.000	655.000	1325.000	1575.000	1755.000	2400.000	2455.000	2565.000	3300.000	3400.000	3535.000	-842150451	-1	6915	-1	-1	1	0	3500.000	2940.000	
1	16	1	0	2	1	14325242135	3332	7	3	1	4	3	2	5	2	4	2	1	3	5	920.000	4750.000	5670.000	1	0	0	1	4	3	2	4	2	4	3	1	3	5	2	2	2	2	2	2	2	2	2	2	2	925.000	1440.000	1530.000	2270.000	2355.000	3010.000	3975.000	4050.000	4225.000	5375.000	5500.000	-842150451	-1	8890	-1	-1	1	0	3500.000	2940.000	
1	17	1	0	2	1	35421252143	2333	5	4	3	5	4	2	1	2	5	2	1	4	3	895.000	4180.000	5075.000	0	0	1	3	5	4	2	1	2	5	2	1	4	3	2	2	2	2	2	2	2	2	2	2	2	900.000	1065.000	1930.000	2065.000	2200.000	2960.000	3135.000	3815.000	4565.000	4800.000	4945.000	-842150451	-1	8295	-1	-1	1	0	3500.000	2940.000	
1	18	1	0	2	1	35421252143	2333	5	3	3	5	4	2	1	2	5	2	1	4	3	680.000	3435.000	4115.000	0	0	1	3	5	4	2	1	2	5	2	1	4	3	2	2	2	2	2	2	2	2	2	2	2	685.000	795.000	1605.000	1750.000	1895.000	2630.000	2795.000	2875.000	3705.000	3905.000	4005.000	-842150451	-1	7335	-1	-1	1	0	3500.000	2940.000	
1	19	1	0	2	1	51423252413	3332	5	2	5	1	4	2	3	2	5	2	4	1	3	630.000	3705.000	4335.000	0	0	1	5	1	4	2	3	2	5	2	4	1	3	2	2	2	2	2	2	2	2	2	2	2	635.000	865.000	1585.000	2180.000	2265.000	2385.000	3030.000	3325.000	3470.000	4160.000	4210.000	-842150451	-1	7555	-1	-1	1	0	3500.000	2940.000	
1	20	1	0	2	1	14325242135	3332	9	2	1	4	3	2	5	2	4	2	1	3	5	810.000	3840.000	4650.000	0	0	1	1	4	3	2	5	2	4	2	1	3	5	2	2	2	2	2	2	2	2	2	2	2	815.000	910.000	1045.000	1745.000	1850.000	2690.000	3350.000	3580.000	3690.000	4400.000	4540.000	-842150451	-1	7870	-1	-1	1	0	3500.000	2940.000	
2	1	1	0	2	1	35421252143	2333	7	3	3	5	4	2	1	2	5	2	1	4	3	825.000	4715.000	5540.000	0	0	1	3	5	4	2	1	2	5	2	1	4	3	2	2	2	2	2	2	2	2	2	2	2	830.000	925.000	935.000	2775.000	2835.000	3785.000	4085.000	4235.000	4990.000	5315.000	5410.000	-842150451	-1	8760	-1	-1	1	0	3500.000	2940.000	
2	2	1	0	2	1	51423252413	3332	5	4	5	1	4	2	3	2	5	2	4	1	3	820.000	3965.000	4785.000	1	0	0	5	1	4	2	3	2	5	2	5	1	3	2	2	2	2	2	2	2	2	2	2	2	825.000	1075.000	1630.000	2210.000	2260.000	2375.000	3065.000	3605.000	3695.000	4615.000	4665.000	-842150451	-1	8005	-1	-1	1	0	3500.000	2940.000	
2	3	1	0	2	1	35421252143	2333	9	2	3	5	4	2	1	2	5	2	1	4	3	775.000	4490.000	5265.000	0	0	1	3	5	4	2	1	2	5	2	1	4	3	2	2	2	2	2	2	2	2	2	2	2	780.000	925.000	1620.000	1940.000	1985.000	2765.000	3370.000	3490.000	4135.000	5050.000	5125.000	-842150451	-1	8485	-1	-1	1	0	3500.000	2940.000	
2	4	1	0	2	1	13524232514	2333	7	4	1	3	5	2	4	2	3	2	5	1	4	705.000	3610.000	4315.000	0	0	1	1	3	5	2	4	2	3	2	5	1	4	2	2	2	2	2	2	2	2	2	2	2	710.000	795.000	1575.000	1815.000	1995.000	2670.000	2770.000	2885.000	3815.000	3930.000	4190.000	-842150451	-1	7535	-1	-1	1	0	3500.000	2940.000	
2	5	1	0	2	1	35421252143	2333	5	4	3	5	4	2	1	2	5	2	1	4	3	640.000	4605.000	5245.000	1	0	0	3	5	4	2	1	2	5	2	1	3	3	2	2	2	2	2	2	2	2	2	2	2	645.000	785.000	1615.000	1790.000	1905.000	2580.000	2675.000	2810.000	3590.000	4155.000	5140.000	-842150451	-1	8465	-1	-1	1	0	3500.000	2940.000	
2	6	1	0	2	1	51423252413	3332	7	2	5	1	4	2	3	2	5	2	4	1	3	685.000	4255.000	4940.000	0	0	1	5	1	4	2	3	2	5	2	4	1	3	2	2	2	2	2	2	2	2	2	2	2	690.000	890.000	1625.000	2260.000	2335.000	2470.000	3165.000	3825.000	4125.000	4750.000	4830.000	-842150451	-1	8160	-1	-1	1	0	3500.000	2940.000	
2	7	1	0	2	1	13524232514	2333	7	4	1	3	5	2	4	2	3	2	5	1	4	555.000	3525.000	4080.000	0	0	1	1	3	5	2	4	2	3	2	5	1	4	2	2	2	2	2	2	2	2	2	2	2	560.000	620.000	1220.000	1525.000	1755.000	2370.000	2465.000	2575.000	3525.000	3630.000	3990.000	-842150451	-1	7300	-1	-1	1	0	3500.000	2940.000	
2	8	1	0	2	1	14325242135	3332	9	4	1	4	3	2	5	2	4	2	1	3	5	1130.000	4395.000	5525.000	1	0	0	1	4	3	2	5	2	4	3	1	3	5	2	2	2	2	2	2	2	2	2	2	2	1135.000	1445.000	1575.000	2260.000	2400.000	2525.000	3240.000	3340.000	4560.000	5265.000	5375.000	-842150451	-1	8745	-1	-1	1	0	3500.000	2940.000	
2	9	1	0	2	1	14325242135	3332	9	2	1	4	3	2	5	2	4	2	1	3	5	705.000	3365.000	4070.000	0	0	1	1	4	3	2	5	2	4	2	1	3	5	2	2	2	2	2	2	2	2	2	2	2	710.000	880.000	1115.000	1780.000	1940.000	2065.000	2710.000	3030.000	3160.000	3805.000	3940.000	-842150451	-1	7290	-1	-1	1	0	3500.000	2940.000	
2	10	1	0	2	1	13524232514	2333	9	1	1	3	5	2	4	2	3	2	5	1	4	860.000	3965.000	4825.000	0	0	1	1	3	5	2	4	2	3	2	5	1	4	2	2	2	2	2	2	2	2	2	2	2	865.000	1215.000	1840.000	2000.000	2255.000	2840.000	2930.000	3065.000	3995.000	4140.000	4705.000	-842150451	-1	8045	-1	-1	1	0	3500.000	2940.000	
2	11	1	0	2	1	51423252413	3332	5	1	5	1	4	2	3	2	5	2	4	1	3	680.000	3360.000	4040.000	0	0	1	5	1	4	2	3	2	5	2	4	1	3	2	2	2	2	2	2	2	2	2	2	2	685.000	1070.000	1290.000	1915.000	1965.000	2090.000	2770.000	2985.000	3225.000	3810.000	3920.000	-842150451	-1	7260	-1	-1	1	0	3500.000	2940.000	
2	12	1	0	2	1	51423252413	3332	5	4	5	1	4	2	3	2	5	2	4	1	3	1000.000	2860.000	3860.000	0	0	1	5	1	4	2	3	2	5	2	4	1	3	2	2	2	2	2	2	2	2	2	2	2	1005.000	1120.000	1325.000	1780.000	1885.000	2020.000	2780.000	2975.000	3070.000	3700.000	3735.000	-842150451	-1	7080	-1	-1	1	0	3500.000	2940.000	
2	13	1	0	2	1	13524232514	2333	5	2	1	3	5	2	4	2	3	2	5	1	4	620.000	2850.000	3470.000	0	0	2	1	3	5	2	4	2	3	2	5	1	4	2	2	2	2	2	2	2	2	2	2	2	625.000	670.000	1260.000	1385.000	1645.000	2225.000	2290.000	2385.000	3035.000	3160.000	3350.000	-842150451	-1	6690	-1	-1	1	0	3500.000	2940.000	
2	14	1	0	2	1	14325242135	3332	5	3	1	4	3	2	5	2	4	2	1	3	5	590.000	3635.000	4225.000	1	0	0	1	4	3	2	5	2	4	2	1	3	4	2	2	2	2	2	2	2	2	2	2	2	595.000	690.000	930.000	1690.000	1820.000	1930.000	2725.000	2930.000	3445.000	4005.000	4065.000	-842150451	-1	7445	-1	-1	1	0	3500.000	2940.000	
2	15	1	0	2	1	14325242135	3332	7	3	1	4	3	2	5	2	4	2	1	3	5	735.000	3400.000	4135.000	0	0	1	1	4	3	2	5	2	4	2	1	3	5	2	2	2	2	2	2	2	2	2	2	2	740.000	820.000	995.000	1585.000	1685.000	2325.000	2945.000	3130.000	3285.000	3875.000	4025.000	-842150451	-1	7355	-1	-1	1	0	3500.000	2940.000	
2	16	1	0	2	1	35421252143	2333	5	4	3	5	4	2	1	2	5	2	1	4	3	525.000	3140.000	3665.000	0	0	1	3	5	4	2	1	2	5	2	1	4	3	2	2	2	2	2	2	2	2	2	2	2	530.000	645.000	1340.000	1485.000	1610.000	2240.000	2325.000	2445.000	3100.000	3395.000	3575.000	-842150451	-1	6885	-1	-1	1	0	3500.000	2940.000	
2	17	1	0	2	1	13524232514	2333	7	2	1	3	5	2	4	2	3	2	5	1	4	520.000	3095.000	3615.000	0	0	1	1	3	5	2	4	2	3	2	5	1	4	2	2	2	2	2	2	2	2	2	2	2	525.000	595.000	1160.000	1300.000	1540.000	2145.000	2260.000	2365.000	3215.000	3360.000	3500.000	-842150451	-1	6835	-1	-1	1	0	3500.000	2940.000	
2	18	1	0	2	1	14325242135	3332	5	3	1	4	3	2	5	2	4	2	1	3	5	730.000	3610.000	4340.000	0	0	1	1	4	3	2	5	2	4	2	1	3	5	2	2	2	2	2	2	2	2	2	2	2	735.000	1050.000	1410.000	2015.000	2070.000	2220.000	2845.000	3215.000	3440.000	4070.000	4185.000	-842150451	-1	7560	-1	-1	1	0	3500.000	2940.000	
2	19	1	0	2	1	51423252413	3332	9	2	5	1	4	2	3	2	5	2	4	1	3	790.000	4050.000	4840.000	1	0	0	5	1	4	2	3	2	5	2	4	3	3	2	2	2	2	2	2	2	2	2	2	2	795.000	950.000	1435.000	1945.000	2050.000	2215.000	2920.000	3085.000	3375.000	4085.000	4745.000	-842150451	-1	8060	-1	-1	1	0	3500.000	2940.000	
2	20	1	0	2	1	35421252143	2333	5	2	3	5	4	2	1	2	5	2	1	4	3	690.000	3795.000	4485.000	0	0	1	3	5	4	2	1	2	5	2	1	4	3	2	2	2	2	2	2	2	2	2	2	2	695.000	790.000	1445.000	1800.000	1930.000	2625.000	2755.000	2890.000	3655.000	4300.000	4355.000	-842150451	-1	7705	-1	-1	1	0	3500.000	2940.000	
3	1	1	0	2	1	35421252143	2333	5	2	3	5	4	2	1	2	5	2	1	4	3	585.000	3290.000	3875.000	0	0	1	3	5	4	2	1	2	5	2	1	4	3	2	2	2	2	2	2	2	2	2	2	2	590.000	720.000	1595.000	1700.000	1830.000	2465.000	2665.000	2765.000	3565.000	3670.000	3770.000	-842150451	-1	7095	-1	-1	1	0	3500.000	2940.000	
3	2	1	0	2	1	13524232514	2333	9	2	1	3	5	2	4	2	3	2	5	1	4	550.000	3075.000	3625.000	0	0	1	1	3	5	2	4	2	3	2	5	1	4	2	2	2	2	2	2	2	2	2	2	2	555.000	595.000	1180.000	1445.000	1630.000	2245.000	2355.000	2460.000	3320.000	3400.000	3495.000	-842150451	-1	6845	-1	-1	1	0	3500.000	2940.000	
3	3	1	0	2	1	13524232514	2333	5	5	1	3	5	2	4	2	3	2	5	1	4	475.000	2885.000	3360.000	0	0	2	1	3	5	2	4	2	3	2	5	1	4	2	2	2	2	2	2	2	2	2	2	2	480.000	530.000	1105.000	1260.000	1430.000	2045.000	2125.000	2230.000	2995.000	3120.000	3280.000	-842150451	-1	6580	-1	-1	1	0	3500.000	2940.000	
3	4	1	0	2	1	51423252413	3332	9	1	5	1	4	2	3	2	5	2	4	1	3	590.000	3470.000	4060.000	1	0	0	5	1	4	2	3	2	5	1	4	1	3	2	2	2	2	2	2	2	2	2	2	2	595.000	785.000	985.000	1490.000	1570.000	1685.000	2295.000	2465.000	3205.000	3885.000	3955.000	-842150451	-1	7280	-1	-1	1	0	3500.000	2940.000	
3	5	1	0	2	1	35421252143	2333	7	4	3	5	4	2	1	2	5	2	1	4	3	705.000	3105.000	3810.000	0	0	1	3	5	4	2	1	2	5	2	1	4	3	2	2	2	2	2	2	2	2	2	2	2	710.000	795.000	1495.000	1630.000	1735.000	2405.000	2485.000	2610.000	3455.000	3580.000	3685.000	-842150451	-1	7030	-1	-1	1	0	3500.000	2940.000	
3	6	1	0	2	1	35421252143	2333	9	2	3	5	4	2	1	2	5	2	1	4	3	680.000	3185.000	3865.000	0	0	1	3	5	4	2	1	2	5	2	1	4	3	2	2	2	2	2	2	2	2	2	2	2	685.000	800.000	1535.000	1640.000	1755.000	2465.000	2625.000	2700.000	3505.000	3595.000	3790.000	-842150451	-1	7085	-1	-1	1	0	3500.000	2940.000	
3	7	1	0	2	1	51423252413	3332	7	2	5	1	4	2	3	2	5	2	4	1	3	635.000	2850.000	3485.000	0	0	2	5	1	4	2	3	2	5	2	4	1	3	2	2	2	2	2	2	2	2	2	2	2	640.000	765.000	955.000	1520.000	1605.000	1760.000	2400.000	2540.000	2735.000	3315.000	3375.000	-842150451	-1	6705	-1	-1	1	0	3500.000	2940.000	
3	8	1	0	2	1	13524232514	2333	5	1	1	3	5	2	4	2	3	2	5	1	4	555.000	3760.000	4315.000	1	0	0	1	3	5	2	4	1	3	2	5	1	4	2	2	2	2	2	2	2	2	2	2	2	560.000	630.000	1245.000	1385.000	1500.000	2090.000	2160.000	2855.000	3655.000	4115.000	4195.000	-842150451	-1	7535	-1	-1	1	0	3500.000	2940.000	
3	9	1	0	2	1	14325242135	3332	9	2	1	4	3	2	5	2	4	2	1	3	5	790.000	3760.000	4550.000	0	0	1	1	4	3	2	5	2	4	2	1	3	5	2	2	2	2	2	2	2	2	2	2	2	795.000	1560.000	1615.000	2255.000	2385.000	2525.000	3335.000	3605.000	3700.000	4295.000	4385.000	-842150451	-1	7770	-1	-1	1	0	3500.000	2940.000	
3	10	1	0	2	1	35421252143	2333	5	4	3	5	4	2	1	2	5	2	1	4	3	565.000	3390.000	3955.000	0	0	1	3	5	4	2	1	2	5	2	1	4	3	2	2	2	2	2	2	2	2	2	2	2	570.000	670.000	1335.000	1450.000	1590.000	2250.000	2345.000	2475.000	3485.000	3790.000	3810.000	-842150451	-1	7175	-1	-1	1	0	3500.000	2940.000	
3	11	1	0	2	1	51423252413	3332	5	1	5	1	4	2	3	2	5	2	4	1	3	615.000	2645.000	3260.000	0	0	2	5	1	4	2	3	2	5	2	4	1	3	2	2	2	2	2	2	2	2	2	2	2	620.000	750.000	955.000	1450.000	1535.000	1655.000	2115.000	2345.000	2490.000	3075.000	3155.000	-842150451	-1	6480	-1	-1	1	0	3500.000	2940.000	
3	12	1	0	2	1	14325242135	3332	9	3	1	4	3	2	5	2	4	2	1	3	5	605.000	3595.000	4200.000	1	0	0	1	4	2	2	5	2	4	2	1	3	5	2	2	2	2	2	2	2	2	2	2	2	610.000	705.000	900.000	1775.000	2035.000	2315.000	2935.000	3090.000	3355.000	3915.000	4040.000	-842150451	-1	7420	-1	-1	1	0	3500.000	2940.000	
3	13	1	0	2	1	35421252143	2333	7	2	3	5	4	2	1	2	5	2	1	4	3	560.000	4530.000	5090.000	1	0	0	3	5	4	2	1	2	5	2	1	3	3	2	2	2	2	2	2	2	2	2	2	2	565.000	685.000	1455.000	1570.000	1730.000	2355.000	2485.000	2590.000	3520.000	4155.000	5000.000	-842150451	-1	8310	-1	-1	1	0	3500.000	2940.000	
3	14	1	0	2	1	51423252413	3332	9	5	5	1	4	2	3	2	5	2	4	1	3	600.000	3300.000	3900.000	0	0	1	5	1	4	2	3	2	5	2	4	1	3	2	2	2	2	2	2	2	2	2	2	2	605.000	825.000	1055.000	1630.000	1800.000	1885.000	2640.000	2855.000	3055.000	3610.000	3725.000	-842150451	-1	7120	-1	-1	1	0	3500.000	2940.000	
3	15	1	0	2	1	14325242135	3332	7	3	1	4	3	2	5	2	4	2	1	3	5	1135.000	3695.000	4830.000	1	0	0	1	4	2	2	5	2	4	2	1	3	5	2	2	2	2	2	2	2	2	2	2	2	1140.000	1215.000	1365.000	2180.000	2475.000	2620.000	3825.000	3880.000	3970.000	4595.000	4680.000	-842150451	-1	8050	-1	-1	1	0	3500.000	2940.000	
3	16	1	0	2	1	14325242135	3332	9	3	1	4	3	2	5	2	4	2	1	3	5	795.000	3570.000	4365.000	1	0	0	1	4	2	3	5	2	4	2	1	3	5	2	2	2	2	2	2	2	2	2	2	2	800.000	890.000	1075.000	1115.000	2015.000	2115.000	3285.000	3385.000	3485.000	4140.000	4215.000	-842150451	-1	7585	-1	-1	1	0	3500.000	2940.000	
3	17	1	0	2	1	13524232514	2333	9	1	1	3	5	2	4	2	3	2	5	1	4	765.000	3100.000	3865.000	0	0	1	1	3	5	2	4	2	3	2	5	1	4	2	2	2	2	2	2	2	2	2	2	2	770.000	840.000	1610.000	1775.000	1885.000	2550.000	2635.000	2755.000	3500.000	3585.000	3720.000	-842150451	-1	7085	-1	-1	1	0	3500.000	2940.000	
3	18	1	0	2	1	13524232514	2333	9	3	1	3	5	2	4	2	3	2	5	1	4	565.000	3680.000	4245.000	1	0	0	1	3	5	2	3	2	4	2	5	1	4	2	2	2	2	2	2	2	2	2	2	2	570.000	660.000	1135.000	1300.000	1470.000	2380.000	2515.000	3100.000	3770.000	3935.000	4115.000	-842150451	-1	7465	-1	-1	1	0	3500.000	2940.000	
3	19	1	0	2	1	14325242135	3332	7	2	1	4	3	2	5	2	4	2	1	3	5	640.000	3060.000	3700.000	1	0	0	1	4	3	2	5	2	4	2	1	3	4	2	2	2	2	2	2	2	2	2	2	2	645.000	790.000	895.000	1585.000	1690.000	1855.000	2530.000	2770.000	2850.000	3405.000	3510.000	-842150451	-1	6920	-1	-1	1	0	3500.000	2940.000	
3	20	1	0	2	1	51423252413	3332	7	1	5	1	4	2	3	2	5	2	4	1	3	675.000	3095.000	3770.000	0	0	1	5	1	4	2	3	2	5	2	4	1	3	2	2	2	2	2	2	2	2	2	2	2	680.000	925.000	1100.000	1675.000	1750.000	1875.000	2545.000	2740.000	2950.000	3565.000	3655.000	-842150451	-1	6990	-1	-1	1	0	3500.000	2940.000	
4	1	1	0	2	1	51423252413	3332	5	2	5	1	4	2	3	2	5	2	4	1	3	805.000	3005.000	3810.000	0	0	1	5	1	4	2	3	2	5	2	4	1	3	2	2	2	2	2	2	2	2	2	2	2	810.000	985.000	1205.000	1730.000	1840.000	1960.000	2570.000	2810.000	2975.000	3695.000	3705.000	-842150451	-1	7030	-1	-1	1	0	3500.000	2940.000	
4	2	1	0	2	1	14325242135	3332	5	1	1	4	3	2	5	2	4	2	1	3	5	695.000	3275.000	3970.000	0	0	1	1	4	3	2	5	2	4	2	1	3	5	2	2	2	2	2	2	2	2	2	2	2	700.000	830.000	985.000	1520.000	2015.000	2090.000	2725.000	2995.000	3110.000	3735.000	3850.000	-842150451	-1	7190	-1	-1	1	0	3500.000	2940.000	
4	3	1	0	2	1	35421252143	2333	9	2	3	5	4	2	1	2	5	2	1	4	3	615.000	3495.000	4110.000	1	0	0	3	5	4	3	2	1	5	2	1	4	3	2	2	2	2	2	2	2	2	2	2	2	620.000	715.000	1370.000	1475.000	1535.000	1680.000	2475.000	2570.000	3705.000	3885.000	3985.000	-842150451	-1	7330	-1	-1	1	0	3500.000	2940.000	
4	4	1	0	2	1	35421252143	2333	7	3	3	5	4	2	1	2	5	2	1	4	3	650.000	3980.000	4630.000	0	0	1	3	5	4	2	1	2	5	2	1	4	3	2	2	2	2	2	2	2	2	2	2	2	655.000	780.000	1480.000	1745.000	1850.000	2535.000	2975.000	3075.000	4185.000	4445.000	4530.000	-842150451	-1	7850	-1	-1	1	0	3500.000	2940.000	
4	5	1	0	2	1	14325242135	3332	9	2	1	4	3	2	5	2	4	2	1	3	5	1135.000	2935.000	4070.000	0	0	1	1	4	3	2	5	2	4	2	1	3	5	2	2	2	2	2	2	2	2	2	2	2	1140.000	1300.000	1455.000	2110.000	2265.000	2370.000	2955.000	3070.000	3225.000	3820.000	3930.000	-842150451	-1	7290	-1	-1	1	0	3500.000	2940.000	
4	6	1	0	2	1	14325242135	3332	7	2	1	4	3	2	5	2	4	2	1	3	5	1065.000	3260.000	4325.000	0	0	1	1	4	3	2	5	2	4	2	1	3	5	2	2	2	2	2	2	2	2	2	2	2	1070.000	1460.000	1735.000	2370.000	2540.000	2625.000	3220.000	3335.000	3525.000	4100.000	4205.000	-842150451	-1	7545	-1	-1	1	0	3500.000	2940.000	
4	7	1	0	2	1	13524232514	2333	9	2	1	3	5	2	4	2	3	2	5	1	4	1030.000	3560.000	4590.000	0	0	1	1	3	5	2	4	2	3	2	5	1	4	2	2	2	2	2	2	2	2	2	2	2	1035.000	1290.000	1915.000	2105.000	2320.000	2980.000	3345.000	3410.000	4120.000	4305.000	4465.000	-842150451	-1	7810	-1	-1	1	0	3500.000	2940.000	
4	8	1	0	2	1	35421252143	2333	7	4	3	5	4	2	1	2	5	2	1	4	3	615.000	4955.000	5570.000	1	0	0	3	5	4	2	1	2	5	2	1	3	3	2	2	2	2	2	2	2	2	2	2	2	620.000	750.000	1475.000	1580.000	1710.000	2455.000	2740.000	2855.000	3880.000	4340.000	5455.000	-842150451	-1	8790	-1	-1	1	0	3500.000	2940.000	
4	9	1	0	2	1	14325242135	3332	7	5	1	4	3	2	5	2	4	2	1	3	5	1000.000	4820.000	5820.000	1	0	0	1	3	3	2	5	2	4	2	1	3	5	2	2	2	2	2	2	2	2	2	2	2	1005.000	1325.000	2005.000	3150.000	3365.000	3500.000	4620.000	4835.000	4975.000	5570.000	5650.000	-842150451	-1	9040	-1	-1	1	0	3500.000	2940.000	
4	10	1	0	2	1	35421252143	2333	7	4	3	5	4	2	1	2	5	2	1	4	3	1015.000	3850.000	4865.000	0	0	1	3	5	4	2	1	2	5	2	1	4	3	2	2	2	2	2	2	2	2	2	2	2	1020.000	1185.000	1885.000	2200.000	2280.000	3245.000	3390.000	3515.000	4255.000	4570.000	4690.000	-842150451	-1	8085	-1	-1	1	0	3500.000	2940.000	
4	11	1	0	2	1	51423252413	3332	9	2	5	1	4	2	3	2	5	2	4	1	3	710.000	3375.000	4085.000	0	0	1	5	1	4	2	3	2	5	2	4	1	3	2	2	2	2	2	2	2	2	2	2	2	715.000	975.000	1140.000	1755.000	1990.000	2055.000	2815.000	3090.000	3320.000	3920.000	4000.000	-842150451	-1	7305	-1	-1	1	0	3500.000	2940.000	
4	12	1	0	2	1	13524232514	2333	7	4	1	3	5	2	4	2	3	2	5	1	4	600.000	4210.000	4810.000	1	0	0	1	3	5	2	4	2	3	2	5	4	4	2	2	2	2	2	2	2	2	2	2	2	605.000	750.000	1380.000	1580.000	1740.000	2460.000	2620.000	2725.000	3460.000	3770.000	4640.000	-842150451	-1	8030	-1	-1	1	0	3500.000	2940.000	
4	13	1	0	2	1	51423252413	3332	5	1	5	1	4	2	3	2	5	2	4	1	3	895.000	3135.000	4030.000	0	0	1	5	1	4	2	3	2	5	2	4	1	3	2	2	2	2	2	2	2	2	2	2	2	900.000	1010.000	1285.000	1860.000	1960.000	2105.000	2825.000	3020.000	3240.000	3825.000	3915.000	-842150451	-1	7250	-1	-1	1	0	3500.000	2940.000	
4	14	1	0	2	1	35421252143	2333	7	2	3	5	4	2	1	2	5	2	1	4	3	615.000	3290.000	3905.000	0	0	1	3	5	4	2	1	2	5	2	1	4	3	2	2	2	2	2	2	2	2	2	2	2	620.000	720.000	1520.000	1645.000	1770.000	2365.000	2490.000	2615.000	3225.000	3670.000	3745.000	-842150451	-1	7125	-1	-1	1	0	3500.000	2940.000	
4	15	1	0	2	1	51423252413	3332	5	4	5	1	4	2	3	2	5	2	4	1	3	750.000	2735.000	3485.000	0	0	2	5	1	4	2	3	2	5	2	4	1	3	2	2	2	2	2	2	2	2	2	2	2	755.000	885.000	1040.000	1580.000	1685.000	1805.000	2395.000	2540.000	2750.000	3310.000	3380.000	-842150451	-1	6705	-1	-1	1	0	3500.000	2940.000	
4	16	1	0	2	1	51423252413	3332	9	2	5	1	4	2	3	2	5	2	4	1	3	540.000	2945.000	3485.000	0	0	2	5	1	4	2	3	2	5	2	4	1	3	2	2	2	2	2	2	2	2	2	2	2	545.000	685.000	820.000	1290.000	1380.000	1500.000	2175.000	2380.000	2750.000	3325.000	3380.000	-842150451	-1	6705	-1	-1	1	0	3500.000	2940.000	
4	17	1	0	2	1	13524232514	2333	7	1	1	3	5	2	4	2	3	2	5	1	4	630.000	3530.000	4160.000	1	0	0	1	3	5	2	4	2	3	2	5	4	4	2	2	2	2	2	2	2	2	2	2	2	635.000	710.000	1285.000	1460.000	1585.000	2255.000	2340.000	2445.000	3000.000	3390.000	4055.000	-842150451	-1	7380	-1	-1	1	0	3500.000	2940.000	
4	18	1	0	2	1	14325242135	3332	5	3	1	4	3	2	5	2	4	2	1	3	5	1080.000	3885.000	4965.000	1	0	0	1	4	3	2	5	2	4	1	1	3	5	2	2	2	2	2	2	2	2	2	2	2	1085.000	1405.000	1545.000	2135.000	2275.000	2410.000	3035.000	3260.000	3990.000	4705.000	4810.000	-842150451	-1	8185	-1	-1	1	0	3500.000	2940.000	
4	19	1	0	2	1	13524232514	2333	7	1	1	3	5	2	4	2	3	2	5	1	4	855.000	3605.000	4460.000	0	0	1	1	3	5	2	4	2	3	2	5	1	4	2	2	2	2	2	2	2	2	2	2	2	860.000	935.000	1800.000	2060.000	2270.000	2985.000	3095.000	3185.000	3865.000	4115.000	4295.000	-842150451	-1	7680	-1	-1	1	0	3500.000	2940.000	
4	20	1	0	2	1	13524232514	2333	9	1	1	3	5	2	4	2	3	2	5	1	4	585.000	3015.000	3600.000	0	0	1	1	3	5	2	4	2	3	2	5	1	4	2	2	2	2	2	2	2	2	2	2	2	590.000	685.000	1390.000	1530.000	1700.000	2355.000	2435.000	2545.000	3155.000	3320.000	3430.000	-842150451	-1	6820	-1	-1	1	0	3500.000	2940.000	
5	1	1	0	2	1	14325242135	3332	9	2	1	4	3	2	5	2	4	2	1	3	5	1075.000	3305.000	4380.000	0	0	1	1	4	3	2	5	2	4	2	1	3	5	2	2	2	2	2	2	2	2	2	2	2	1080.000	1210.000	1410.000	2045.000	2195.000	2410.000	3150.000	3360.000	3490.000	4100.000	4215.000	-842150451	-1	7600	-1	-1	1	0	3500.000	2940.000	
5	2	1	0	2	1	35421252143	2333	5	2	3	5	4	2	1	2	5	2	1	4	3	585.000	3240.000	3825.000	0	0	1	3	5	4	2	1	2	5	2	1	4	3	2	2	2	2	2	2	2	2	2	2	2	590.000	705.000	1395.000	1545.000	1680.000	2360.000	2475.000	2625.000	3375.000	3495.000	3660.000	-842150451	-1	7045	-1	-1	1	0	3500.000	2940.000	
5	3	1	0	2	1	35421252143	2333	5	2	3	5	4	2	1	2	5	2	1	4	3	730.000	3280.000	4010.000	0	0	1	3	5	4	2	1	2	5	2	1	4	3	2	2	2	2	2	2	2	2	2	2	2	735.000	865.000	1530.000	1710.000	1825.000	2495.000	2580.000	2790.000	3535.000	3710.000	3905.000	-842150451	-1	7230	-1	-1	1	0	3500.000	2940.000	
5	4	1	0	2	1	35421252143	2333	9	4	3	5	4	2	1	2	5	2	1	4	3	680.000	3390.000	4070.000	0	0	1	3	5	4	2	1	2	5	2	1	4	3	2	2	2	2	2	2	2	2	2	2	2	685.000	745.000	1505.000	1685.000	1800.000	2475.000	2645.000	2770.000	3665.000	3800.000	3935.000	-842150451	-1	7290	-1	-1	1	0	3500.000	2940.000	
5	5	1	0	2	1	14325242135	3332	7	5	1	4	3	2	5	2	4	2	1	3	5	800.000	2985.000	3785.000	0	0	1	1	4	3	2	5	2	4	2	1	3	5	2	2	2	2	2	2	2	2	2	2	2	805.000	940.000	1085.000	1625.000	1810.000	1900.000	2660.000	2900.000	2995.000	3610.000	3660.000	-842150451	-1	7005	-1	-1	1	0	3500.000	2940.000	
5	6	1	0	2	1	13524232514	2333	7	4	1	3	5	2	4	2	3	2	5	1	4	900.000	3815.000	4715.000	0	0	1	1	3	5	2	4	2	3	2	5	1	4	2	2	2	2	2	2	2	2	2	2	2	905.000	985.000	1880.000	2030.000	2195.000	2815.000	3020.000	3155.000	4205.000	4340.000	4585.000	-842150451	-1	7935	-1	-1	1	0	3500.000	2940.000	
5	7	1	0	2	1	51423252413	3332	5	1	5	1	4	2	3	2	5	2	4	1	3	630.000	3145.000	3775.000	0	0	1	5	1	4	2	3	2	5	2	4	1	3	2	2	2	2	2	2	2	2	2	2	2	635.000	775.000	935.000	1580.000	1705.000	1795.000	2570.000	2705.000	2870.000	3560.000	3650.000	-842150451	-1	6995	-1	-1	1	0	3500.000	2940.000	
5	8	1	0	2	1	35421252143	2333	5	4	3	5	4	2	1	2	5	2	1	4	3	605.000	3235.000	3840.000	0	0	1	3	5	4	2	1	2	5	2	1	4	3	2	2	2	2	2	2	2	2	2	2	2	610.000	710.000	1390.000	1525.000	1630.000	2390.000	2510.000	2655.000	3415.000	3570.000	3705.000	-842150451	-1	7060	-1	-1	1	0	3500.000	2940.000	
5	9	1	0	2	1	13524232514	2333	9	1	1	3	5	2	4	2	3	2	5	1	4	560.000	3000.000	3560.000	0	0	1	1	3	5	2	4	2	3	2	5	1	4	2	2	2	2	2	2	2	2	2	2	2	565.000	640.000	1235.000	1390.000	1520.000	2205.000	2290.000	2400.000	3110.000	3265.000	3390.000	-842150451	-1	6780	-1	-1	1	0	3500.000	2940.000	
5	10	1	0	2	1	13524232514	2333	5	1	1	3	5	2	4	2	3	2	5	1	4	655.000	2700.000	3355.000	0	0	2	1	3	5	2	4	2	3	2	5	1	4	2	2	2	2	2	2	2	2	2	2	2	660.000	730.000	1340.000	1475.000	1570.000	2265.000	2350.000	2455.000	2970.000	3080.000	3200.000	-842150451	-1	6575	-1	-1	1	0	3500.000	2940.000	
5	11	1	0	2	1	14325242135	3332	5	3	1	4	3	2	5	2	4	2	1	3	5	935.000	3400.000	4335.000	1	0	0	1	4	3	2	5	2	4	2	1	3	4	2	2	2	2	2	2	2	2	2	2	2	940.000	1080.000	1350.000	2170.000	2255.000	2380.000	3240.000	3360.000	3465.000	4045.000	4150.000	-842150451	-1	7555	-1	-1	1	0	3500.000	2940.000	
5	12	1	0	2	1	13524232514	2333	9	3	1	3	5	2	4	2	3	2	5	1	4	600.000	4195.000	4795.000	1	0	0	1	3	4	5	4	2	3	2	5	1	4	2	2	2	2	2	2	2	2	2	2	2	605.000	695.000	1375.000	1475.000	2205.000	3040.000	3150.000	3250.000	4070.000	4290.000	4670.000	-842150451	-1	8015	-1	-1	1	0	3500.000	2940.000	
5	13	1	0	2	1	51423252413	3332	7	2	5	1	4	2	3	2	5	2	4	1	3	845.000	2915.000	3760.000	0	0	1	5	1	4	2	3	2	5	2	4	1	3	2	2	2	2	2	2	2	2	2	2	2	850.000	1010.000	1210.000	1715.000	1820.000	1940.000	2670.000	2840.000	2975.000	3545.000	3640.000	-842150451	-1	6980	-1	-1	1	0	3500.000	2940.000	
5	14	1	0	2	1	51423252413	3332	5	4	5	1	4	2	3	2	5	2	4	1	3	635.000	3195.000	3830.000	0	0	1	5	1	4	2	3	2	5	2	4	1	3	2	2	2	2	2	2	2	2	2	2	2	640.000	785.000	900.000	1450.000	1520.000	1645.000	2265.000	2375.000	2505.000	3190.000	3740.000	-842150451	-1	7050	-1	-1	1	0	3500.000	2940.000	
5	15	1	0	2	1	51423252413	3332	5	4	5	1	4	2	3	2	5	2	4	1	3	780.000	2730.000	3510.000	0	0	1	5	1	4	2	3	2	5	2	4	1	3	2	2	2	2	2	2	2	2	2	2	2	785.000	1005.000	1475.000	1980.000	2090.000	2190.000	2675.000	2805.000	2930.000	3320.000	3395.000	-842150451	-1	6730	-1	-1	1	0	3500.000	2940.000	
5	16	1	0	2	1	51423252413	3332	9	5	5	1	4	2	3	2	5	2	4	1	3	540.000	2310.000	2850.000	0	0	3	5	1	4	2	3	2	5	2	4	1	3	2	2	2	2	2	2	2	2	2	2	2	545.000	685.000	795.000	1230.000	1295.000	1405.000	2060.000	2195.000	2280.000	2595.000	2735.000	-842150451	-1	6070	-1	-1	1	0	3500.000	2940.000	
5	17	1	0	2	1	13524232514	2333	7	1	1	3	5	2	4	2	3	2	5	1	4	680.000	3030.000	3710.000	0	0	1	1	3	5	2	4	2	3	2	5	1	4	2	2	2	2	2	2	2	2	2	2	2	685.000	770.000	1315.000	1505.000	1615.000	2555.000	2615.000	2715.000	3330.000	3420.000	3555.000	-842150451	-1	6930	-1	-1	1	0	3500.000	2940.000	
5	18	1	0	2	1	14325242135	3332	7	3	1	4	3	2	5	2	4	2	1	3	5	1080.000	3605.000	4685.000	0	0	1	1	4	3	2	5	2	4	2	1	3	5	2	2	2	2	2	2	2	2	2	2	2	1085.000	1185.000	1535.000	2325.000	2415.000	2515.000	3425.000	3525.000	3610.000	4450.000	4550.000	-842150451	-1	7905	-1	-1	1	0	3500.000	2940.000	
5	19	1	0	2	1	14325242135	3332	5	1	1	4	3	2	5	2	4	2	1	3	5	1185.000	4575.000	5760.000	1	0	0	1	5	3	2	5	2	4	2	1	3	5	2	2	2	2	2	2	2	2	2	2	2	1190.000	1560.000	2405.000	3690.000	3815.000	3920.000	4685.000	4820.000	4940.000	5515.000	5610.000	-842150451	-1	8980	-1	-1	1	0	3500.000	2940.000	
5	20	1	0	2	1	35421252143	2333	5	3	3	5	4	2	1	2	5	2	1	4	3	680.000	3305.000	3985.000	0	0	1	3	5	4	2	1	2	5	2	1	4	3	2	2	2	2	2	2	2	2	2	2	2	685.000	765.000	1520.000	1615.000	1755.000	2505.000	2615.000	2790.000	3600.000	3740.000	3825.000	-842150451	-1	7205	-1	-1	1	0	3500.000	2940.000	
6	1	1	0	2	0	14325242135	3332	9	4	1	4	3	2	5	2	4	2	1	4	5	560.000	4030.000	4590.000	0	0	1	1	4	3	2	5	2	4	2	1	4	5	2	2	2	2	2	2	2	2	2	2	2	565.000	820.000	1055.000	1505.000	1740.000	1980.000	2870.000	2950.000	3085.000	3870.000	4430.000	-842150451	-1	7810	-1	-1	1	0	3500.000	2940.000	
6	2	1	0	2	0	51423252413	3332	5	2	5	1	4	2	3	2	5	2	4	1	3	680.000	3300.000	3980.000	0	0	1	5	1	4	2	3	2	5	2	4	1	3	2	2	2	2	2	2	2	2	2	2	2	685.000	870.000	975.000	1665.000	1775.000	1865.000	3000.000	3175.000	3370.000	3785.000	3850.000	-842150451	-1	7200	-1	-1	1	0	3500.000	2940.000	
6	3	1	0	2	0	35421252143	2333	7	2	3	5	4	2	1	2	5	2	1	4	3	1030.000	3630.000	4660.000	1	0	-1	3	5	4	2	1	3	2	2	1	4	3	2	2	2	2	2	2	2	2	2	2	2	1035.000	1180.000	1725.000	2290.000	2435.000	2685.000	2755.000	3730.000	3935.000	4425.000	4535.000	-842150451	-1	7880	-1	-1	1	0	3500.000	2940.000	
6	4	1	0	2	0	34235521521	3332	5	3	3	4	2	3	5	3	2	1	5	2	1	1065.000	3735.000	4800.000	0	0	1	3	4	2	3	5	3	2	1	5	2	1	2	2	2	2	2	2	2	2	2	2	2	1070.000	1535.000	1755.000	2290.000	2755.000	2965.000	3540.000	3705.000	4195.000	4495.000	4605.000	-842150451	-1	8020	-1	-1	1	0	3500.000	2940.000	
6	5	1	0	2	0	21515145423	3332	5	1	2	1	5	1	5	1	4	5	4	2	3	935.000	4450.000	5385.000	0	0	1	2	1	5	1	5	1	4	5	4	2	3	2	2	2	2	2	2	2	2	2	2	2	940.000	1070.000	1465.000	1940.000	2245.000	2465.000	3540.000	4235.000	4655.000	5185.000	5265.000	-842150451	-1	8605	-1	-1	1	0	3500.000	2940.000	
6	6	1	0	2	0	13524232514	2333	7	2	1	3	5	2	4	2	3	2	5	1	4	830.000	3165.000	3995.000	1	0	-1	1	3	5	2	4	2	3	2	5	1	3	2	2	2	2	2	2	2	2	2	2	2	835.000	985.000	1175.000	1635.000	2115.000	2220.000	2855.000	2940.000	3250.000	3740.000	3810.000	-842150451	-1	7215	-1	-1	1	0	3500.000	2940.000	
6	7	1	0	2	0	35421252143	2333	5	2	3	5	4	2	1	2	5	2	1	4	3	675.000	4490.000	5165.000	0	0	1	3	5	4	2	1	2	5	2	1	4	3	2	2	2	2	2	2	2	2	2	2	2	680.000	825.000	1285.000	2070.000	2200.000	2400.000	2970.000	3270.000	3490.000	4895.000	4980.000	-842150451	-1	8385	-1	-1	1	0	3500.000	2940.000	
6	8	1	0	2	0	32141415531	2333	7	4	3	2	1	4	1	4	1	4	5	3	1	1150.000	3835.000	4985.000	0	0	1	3	2	1	4	1	4	1	4	5	3	1	2	2	2	2	2	2	2	2	2	2	2	1155.000	1235.000	1340.000	2465.000	2585.000	2725.000	3305.000	3390.000	3975.000	4590.000	4695.000	-842150451	-1	8205	-1	-1	1	0	3500.000	2940.000	
6	9	1	0	2	0	51423252413	3332	5	2	5	1	4	2	3	2	5	2	4	1	3	655.000	4230.000	4885.000	0	0	1	5	1	4	2	3	2	5	2	4	1	3	2	2	2	2	2	2	2	2	2	2	2	660.000	825.000	1015.000	1580.000	1700.000	1810.000	2705.000	2860.000	2965.000	4400.000	4790.000	-842150451	-1	8105	-1	-1	1	0	3500.000	2940.000	
6	10	1	0	2	0	51423252413	3332	5	4	5	1	4	2	3	4	5	2	4	1	3	585.000	4850.000	5435.000	1	0	-1	5	4	4	2	3	4	5	2	4	1	3	2	2	2	2	2	2	2	2	2	2	2	590.000	645.000	1540.000	2155.000	2205.000	2760.000	3990.000	4305.000	4585.000	5205.000	5270.000	-842150451	-1	8655	-1	-1	1	0	3500.000	2940.000	
6	11	1	0	2	0	53123422251	2333	7	3	5	3	1	2	3	4	2	3	2	5	1	1170.000	4640.000	5810.000	0	0	1	5	3	1	2	3	4	2	3	2	5	1	2	2	2	2	2	2	2	2	2	2	2	1175.000	1580.000	1720.000	2425.000	3060.000	4025.000	4115.000	4390.000	5225.000	5430.000	5655.000	-842150451	-1	9030	-1	-1	1	0	3500.000	2940.000	
6	12	1	0	2	0	14325242135	3332	5	1	1	4	3	2	5	1	4	2	1	3	5	935.000	3985.000	4920.000	1	0	-1	1	4	3	2	5	2	4	2	1	3	5	2	2	2	2	2	2	2	2	2	2	2	940.000	1200.000	1440.000	2005.000	2230.000	2375.000	3445.000	3795.000	4125.000	4615.000	4740.000	-842150451	-1	8140	-1	-1	1	0	3500.000	2940.000	
6	13	1	0	2	0	35421252143	2333	9	5	3	5	4	2	1	2	5	2	1	5	3	940.000	3575.000	4515.000	0	0	1	3	5	4	2	1	2	5	2	1	5	3	2	2	2	2	2	2	2	2	2	2	2	945.000	1125.000	1580.000	2140.000	2290.000	2465.000	3035.000	3245.000	3520.000	4100.000	4385.000	-842150451	-1	7735	-1	-1	1	0	3500.000	2940.000	
6	14	1	0	2	0	35421252143	2333	5	3	3	5	4	2	1	3	5	2	1	4	3	755.000	4435.000	5190.000	0	0	1	3	5	4	2	1	3	5	2	1	4	3	2	2	2	2	2	2	2	2	2	2	2	760.000	920.000	1310.000	1835.000	1970.000	2335.000	3295.000	3500.000	3775.000	4925.000	5000.000	-842150451	-1	8410	-1	-1	1	0	3500.000	2940.000	
6	15	1	0	2	0	13524232514	2333	7	2	1	3	5	2	4	2	3	2	5	1	4	915.000	4015.000	4930.000	0	0	1	1	3	5	2	4	2	3	2	5	1	4	2	2	2	2	2	2	2	2	2	2	2	920.000	1040.000	1230.000	1680.000	2715.000	2925.000	3360.000	3855.000	4235.000	4470.000	4805.000	-842150451	-1	8150	-1	-1	1	0	3500.000	2940.000	
6	16	1	0	2	0	34545523521	3332	5	1	3	4	5	4	5	1	2	3	5	2	1	800.000	4490.000	5290.000	1	0	-1	3	5	5	4	5	1	3	3	5	2	1	2	2	2	2	2	2	2	2	2	2	2	805.000	965.000	1705.000	2130.000	2625.000	2925.000	3250.000	3960.000	4605.000	4875.000	5135.000	-842150451	-1	8510	-1	-1	1	0	3500.000	2940.000	
6	17	1	0	2	0	13524232514	2333	9	3	1	3	5	2	4	2	3	2	5	3	4	725.000	6050.000	6775.000	1	0	-1	1	3	5	2	4	2	3	2	4	5	5	2	2	2	2	2	2	2	2	2	2	2	730.000	815.000	1285.000	1900.000	2065.000	2695.000	2815.000	2935.000	4810.000	5630.000	6595.000	-842150451	-1	9995	-1	-1	1	0	3500.000	2940.000	
6	18	1	0	2	0	14325242135	3332	5	2	1	4	3	2	5	2	4	2	1	3	5	1175.000	3180.000	4355.000	0	0	1	1	4	3	2	5	2	4	2	1	3	5	2	2	2	2	2	2	2	2	2	2	2	1180.000	1355.000	1595.000	2200.000	2475.000	2665.000	3335.000	3490.000	3615.000	4135.000	4220.000	-842150451	-1	7575	-1	-1	1	0	3500.000	2940.000	
6	19	1	0	2	0	14325242135	3332	7	2	1	4	3	2	5	2	4	2	1	3	5	1160.000	2660.000	3820.000	0	0	1	1	4	3	2	5	2	4	2	1	3	5	2	2	2	2	2	2	2	2	2	2	2	1165.000	1290.000	1420.000	1990.000	2110.000	2240.000	2850.000	2960.000	3055.000	3615.000	3680.000	-842150451	-1	7040	-1	-1	1	0	3500.000	2940.000	
6	20	1	0	2	0	13524232514	2333	9	1	1	3	5	2	4	2	3	2	5	1	4	670.000	4295.000	4965.000	1	0	-1	1	3	5	2	3	2	3	2	5	1	4	2	2	2	2	2	2	2	2	2	2	2	675.000	760.000	900.000	1335.000	1825.000	1925.000	3220.000	3315.000	3865.000	4645.000	4770.000	-842150451	-1	8185	-1	-1	1	0	3500.000	2940.000	
6	21	1	0	2	0	31251415143	3332	9	2	3	1	2	5	1	4	1	5	1	2	3	850.000	4325.000	5175.000	1	0	-1	3	1	3	5	1	4	1	5	1	2	3	2	2	2	2	2	2	2	2	2	2	2	855.000	1010.000	1280.000	2115.000	2640.000	3005.000	4045.000	4170.000	4350.000	4935.000	5020.000	-842150451	-1	8395	-1	-1	1	0	3500.000	2940.000	
6	22	1	0	2	0	13131521231	2333	5	3	1	3	1	3	1	3	2	1	2	3	1	670.000	3705.000	4375.000	0	0	1	1	3	1	3	1	3	2	1	2	3	1	2	2	2	2	2	2	2	2	2	2	2	675.000	760.000	895.000	1660.000	2175.000	2235.000	2800.000	2870.000	3520.000	3590.000	4265.000	-842150451	-1	7595	-1	-1	1	0	3500.000	2940.000	
6	23	1	0	2	0	51423252413	3332	9	5	5	1	4	2	3	2	5	2	4	5	3	720.000	4245.000	4965.000	0	0	1	5	1	4	2	3	2	5	2	4	5	3	2	2	2	2	2	2	2	2	2	2	2	725.000	895.000	1095.000	1590.000	1760.000	1845.000	3000.000	3250.000	3385.000	4710.000	4840.000	-842150451	-1	8185	-1	-1	1	0	3500.000	2940.000	
6	24	1	0	2	0	53215151344	2333	9	1	5	3	2	1	5	1	5	1	3	1	4	755.000	3695.000	4450.000	0	0	1	5	3	2	1	5	1	5	1	3	1	4	2	2	2	2	2	2	2	2	2	2	2	760.000	915.000	1695.000	2170.000	2370.000	2550.000	3140.000	3285.000	3535.000	4180.000	4310.000	-842150451	-1	7670	-1	-1	1	0	3500.000	2940.000	
7	1	1	0	2	0	14325242135	3332	5	2	1	4	3	2	5	2	4	2	1	3	5	1005.000	2985.000	3990.000	0	0	1	1	4	3	2	5	2	4	2	1	3	5	2	2	2	2	2	2	2	2	2	2	2	1010.000	1185.000	1320.000	1775.000	1945.000	2045.000	2950.000	3085.000	3245.000	3770.000	3860.000	-842150451	-1	7210	-1	-1	1	0	3500.000	2940.000	
7	2	1	0	2	0	41313445252	3332	5	2	4	1	3	1	3	2	4	5	2	5	2	1065.000	4650.000	5715.000	0	0	1	4	1	3	1	3	2	4	5	2	5	2	2	2	2	2	2	2	2	2	2	2	2	1070.000	1495.000	1650.000	2520.000	2620.000	2875.000	3895.000	4165.000	4460.000	5405.000	5585.000	-842150451	-1	8935	-1	-1	1	0	3500.000	2940.000	
7	3	1	0	2	0	35421252143	2333	7	2	3	5	4	2	1	2	5	2	1	4	3	910.000	4470.000	5380.000	0	0	1	3	5	4	2	1	2	5	2	1	4	3	2	2	2	2	2	2	2	2	2	2	2	915.000	1050.000	1395.000	2035.000	2130.000	2550.000	3620.000	3760.000	3910.000	5160.000	5215.000	-842150451	-1	8600	-1	-1	1	0	3500.000	2940.000	
7	4	1	0	2	0	14253131134	3332	7	4	1	4	2	5	3	1	3	4	1	3	4	795.000	5160.000	5955.000	0	0	1	1	4	2	5	3	1	3	4	1	3	4	2	2	2	2	2	2	2	2	2	2	2	800.000	900.000	1500.000	2265.000	2405.000	2600.000	4215.000	4625.000	4890.000	5485.000	5840.000	-842150451	-1	9175	-1	-1	1	0	3500.000	2940.000	
7	5	1	0	2	0	35421252143	2333	5	2	3	5	4	2	1	2	5	2	1	4	3	785.000	4090.000	4875.000	0	0	1	3	5	4	2	1	2	5	2	1	4	3	2	2	2	2	2	2	2	2	2	2	2	790.000	1160.000	1480.000	1960.000	2095.000	2370.000	3370.000	3525.000	3630.000	4660.000	4700.000	-842150451	-1	8095	-1	-1	1	0	3500.000	2940.000	
7	6	1	0	2	0	35421252143	2333	7	2	3	5	4	2	1	2	5	2	1	4	3	825.000	3380.000	4205.000	1	0	-1	3	5	3	2	1	2	5	2	1	4	3	2	2	2	2	2	2	2	2	2	2	2	830.000	945.000	1115.000	1975.000	2060.000	2205.000	3005.000	3115.000	3220.000	4005.000	4045.000	-842150451	-1	7425	-1	-1	1	0	3500.000	2940.000	
7	7	1	0	2	0	51423252413	3332	9	2	5	1	4	2	3	2	5	2	4	2	3	885.000	3855.000	4740.000	1	0	-1	5	1	4	2	3	2	5	2	4	3	4	2	2	2	2	2	2	2	2	2	2	2	890.000	1385.000	1535.000	2170.000	2275.000	2390.000	3385.000	3520.000	3750.000	4455.000	4540.000	-842150451	-1	7960	-1	-1	1	0	3500.000	2940.000	
7	8	1	0	2	0	23524524232	2333	7	3	2	3	5	2	4	5	2	3	2	3	2	740.000	4035.000	4775.000	0	0	1	2	3	5	2	4	5	2	3	2	3	2	2	2	2	2	2	2	2	2	2	2	2	745.000	915.000	2225.000	2490.000	2735.000	3440.000	3590.000	3790.000	4450.000	4510.000	4630.000	-842150451	-1	7995	-1	-1	1	0	3500.000	2940.000	
7	9	1	0	2	0	14325242135	3332	7	2	1	4	3	2	5	2	4	2	1	3	5	925.000	3715.000	4640.000	1	0	-1	1	4	3	2	5	2	4	3	1	3	5	2	2	2	2	2	2	2	2	2	2	2	930.000	1060.000	1240.000	1745.000	1975.000	2035.000	2840.000	2945.000	3825.000	4235.000	4485.000	-842150451	-1	7860	-1	-1	1	0	3500.000	2940.000	
7	10	1	0	2	0	51423252413	3332	5	2	5	1	4	2	3	2	5	2	4	1	3	740.000	3745.000	4485.000	0	0	1	5	1	4	2	3	2	5	2	4	1	3	2	2	2	2	2	2	2	2	2	2	2	745.000	1065.000	1625.000	2090.000	2190.000	2300.000	2860.000	3420.000	3525.000	4235.000	4330.000	-842150451	-1	7705	-1	-1	1	0	3500.000	2940.000	
7	11	1	0	2	0	51423252413	3332	7	2	5	1	4	2	3	2	5	2	4	1	3	660.000	3710.000	4370.000	0	0	1	5	1	4	2	3	2	5	2	4	1	3	2	2	2	2	2	2	2	2	2	2	2	665.000	810.000	990.000	1520.000	1625.000	1735.000	2330.000	2475.000	3370.000	4170.000	4245.000	-842150451	-1	7590	-1	-1	1	0	3500.000	2940.000	
7	12	1	0	2	0	21213124513	3332	5	1	2	1	2	1	3	1	2	4	5	1	3	1340.000	3575.000	4915.000	0	0	1	2	1	2	1	3	1	2	4	5	1	3	2	2	2	2	2	2	2	2	2	2	2	1345.000	1435.000	1580.000	2365.000	2755.000	2850.000	3525.000	4060.000	4300.000	4750.000	4800.000	-842150451	-1	8135	-1	-1	1	0	3500.000	2940.000	
7	13	1	0	2	0	14325242135	3332	7	2	1	4	3	2	5	2	4	2	1	3	5	1120.000	2915.000	4035.000	0	0	1	1	4	3	2	5	2	4	2	1	3	5	2	2	2	2	2	2	2	2	2	2	2	1125.000	1315.000	1650.000	2170.000	2290.000	2485.000	2945.000	3165.000	3300.000	3760.000	3880.000	-842150451	-1	7255	-1	-1	1	0	3500.000	2940.000	
7	14	1	0	2	0	13524232514	2333	9	2	1	3	5	2	4	2	3	2	5	2	4	810.000	3285.000	4095.000	0	0	1	1	3	5	2	4	2	3	2	5	2	4	2	2	2	2	2	2	2	2	2	2	2	815.000	890.000	1070.000	1455.000	1950.000	2050.000	2575.000	2760.000	3110.000	3795.000	3955.000	-842150451	-1	7315	-1	-1	1	0	3500.000	2940.000	
7	15	1	0	2	0	35421252143	2333	7	3	3	5	4	2	1	2	5	3	1	4	3	790.000	4565.000	5355.000	0	0	1	3	5	4	2	1	2	5	3	1	4	3	2	2	2	2	2	2	2	2	2	2	2	795.000	955.000	1415.000	1915.000	2030.000	2160.000	3325.000	3675.000	4060.000	5110.000	5230.000	-842150451	-1	8575	-1	-1	1	0	3500.000	2940.000	
7	16	1	0	2	0	52515254155	2333	9	3	5	2	5	1	5	2	5	4	1	3	5	905.000	3605.000	4510.000	0	0	1	5	2	5	1	5	2	5	4	1	3	5	2	2	2	2	2	2	2	2	2	2	2	910.000	1090.000	1215.000	1965.000	2140.000	2435.000	2920.000	3225.000	3635.000	4210.000	4355.000	-842150451	-1	7730	-1	-1	1	0	3500.000	2940.000	
7	17	1	0	2	0	14513525343	2333	5	5	1	4	5	1	3	5	2	5	3	4	3	940.000	3935.000	4875.000	0	0	1	1	4	5	1	3	5	2	5	3	4	3	2	2	2	2	2	2	2	2	2	2	2	945.000	1120.000	1425.000	1905.000	2190.000	2590.000	2920.000	3275.000	3980.000	4645.000	4715.000	-842150451	-1	8095	-1	-1	1	0	3500.000	2940.000	
7	18	1	0	2	0	13524232514	2333	7	2	1	3	5	2	4	2	3	2	5	1	4	915.000	3055.000	3970.000	0	0	1	1	3	5	2	4	2	3	2	5	1	4	2	2	2	2	2	2	2	2	2	2	2	920.000	1025.000	1240.000	1700.000	1970.000	2080.000	2650.000	2840.000	3245.000	3720.000	3825.000	-842150451	-1	7190	-1	-1	1	0	3500.000	2940.000	
7	19	1	0	2	0	34252321222	3332	9	1	3	4	2	5	2	3	2	1	2	1	2	955.000	4080.000	5035.000	1	0	-1	3	4	2	5	2	3	2	1	3	1	2	2	2	2	2	2	2	2	2	2	2	2	960.000	1270.000	1740.000	2135.000	2340.000	2685.000	3010.000	3605.000	3880.000	4810.000	4900.000	-842150451	-1	8255	-1	-1	1	0	3500.000	2940.000	
7	20	1	0	2	0	45451215454	2333	5	4	4	5	4	5	1	4	1	5	4	5	4	1660.000	4130.000	5790.000	0	0	1	4	5	4	5	1	4	1	5	4	5	4	2	2	2	2	2	2	2	2	2	2	2	1665.000	1870.000	2535.000	3365.000	3575.000	3885.000	4240.000	4795.000	5070.000	5465.000	5560.000	-842150451	-1	9010	-1	-1	1	0	3500.000	2940.000	
7	21	1	0	2	0	13524232514	2333	7	2	1	3	5	2	4	2	3	2	5	1	4	765.000	3615.000	4380.000	1	0	-1	1	3	5	2	4	2	3	2	5	1	3	2	2	2	2	2	2	2	2	2	2	2	770.000	890.000	1200.000	1810.000	2280.000	2465.000	3285.000	3375.000	3690.000	4200.000	4255.000	-842150451	-1	7600	-1	-1	1	0	3500.000	2940.000	
7	22	1	0	2	0	51423252413	3332	7	2	5	1	4	2	3	2	5	2	4	1	3	665.000	2920.000	3585.000	0	0	1	5	1	4	2	3	2	5	2	4	1	3	2	2	2	2	2	2	2	2	2	2	2	670.000	830.000	1210.000	1700.000	1840.000	1940.000	2545.000	2750.000	2870.000	3360.000	3430.000	-842150451	-1	6805	-1	-1	1	0	3500.000	2940.000	
7	23	1	0	2	0	14325242135	3332	9	4	1	4	3	2	5	2	4	2	1	4	5	1155.000	3190.000	4345.000	0	0	1	1	4	3	2	5	2	4	2	1	4	5	2	2	2	2	2	2	2	2	2	2	2	1160.000	1295.000	1420.000	1920.000	2045.000	2210.000	2700.000	2840.000	2990.000	4035.000	4040.000	-842150451	-1	7565	-1	-1	1	0	3500.000	2940.000	
7	24	1	0	2	0	13524232514	2333	7	2	1	3	5	2	4	2	3	2	5	1	4	720.000	2835.000	3555.000	0	0	1	1	3	5	2	4	2	3	2	5	1	4	2	2	2	2	2	2	2	2	2	2	2	725.000	845.000	990.000	1355.000	1620.000	1755.000	2310.000	2420.000	2620.000	3315.000	3390.000	-842150451	-1	6775	-1	-1	1	0	3500.000	2940.000	
8	1	1	0	2	0	15254554524	3332	5	1	1	5	2	5	4	1	5	4	5	2	4	800.000	3820.000	4620.000	0	0	1	1	5	2	5	4	1	5	4	5	2	4	2	2	2	2	2	2	2	2	2	2	2	805.000	980.000	1205.000	1555.000	2145.000	2405.000	2930.000	3250.000	3785.000	4245.000	4440.000	-842150451	-1	7840	-1	-1	1	0	3500.000	2940.000	
8	2	1	0	2	0	41514234453	2333	7	5	4	1	5	1	4	2	3	5	4	5	3	1075.000	4475.000	5550.000	0	0	1	4	1	5	1	4	2	3	5	4	5	3	2	2	2	2	2	2	2	2	2	2	2	1080.000	1235.000	1550.000	2395.000	2535.000	2755.000	3285.000	3495.000	4095.000	5150.000	5445.000	-842150451	-1	8770	-1	-1	1	0	3500.000	2940.000	
8	3	1	0	2	0	13524232514	2333	9	1	1	3	5	2	4	2	3	2	5	1	4	805.000	2910.000	3715.000	0	0	1	1	3	5	2	4	2	3	2	5	1	4	2	2	2	2	2	2	2	2	2	2	2	810.000	915.000	1110.000	1530.000	1770.000	1875.000	2495.000	2595.000	2880.000	3455.000	3555.000	-842150451	-1	6935	-1	-1	1	0	3500.000	2940.000	
8	4	1	0	2	0	35421252143	2333	7	3	3	5	4	2	1	2	5	3	1	4	3	980.000	4570.000	5550.000	0	0	1	3	5	4	2	1	2	5	3	1	4	3	2	2	2	2	2	2	2	2	2	2	2	985.000	1115.000	1375.000	2245.000	2725.000	2825.000	3705.000	4100.000	4360.000	5160.000	5470.000	-842150451	-1	8770	-1	-1	1	0	3500.000	2940.000	
8	5	1	0	2	0	35421252143	2333	7	2	3	5	4	2	1	2	5	2	1	4	3	935.000	3825.000	4760.000	0	0	1	3	5	4	2	1	2	5	2	1	4	3	2	2	2	2	2	2	2	2	2	2	2	940.000	1090.000	1580.000	2110.000	2245.000	2585.000	3245.000	3420.000	3655.000	4525.000	4595.000	-842150451	-1	7980	-1	-1	1	0	3500.000	2940.000	
8	6	1	0	2	0	13524232514	2333	7	1	1	3	5	2	4	2	3	1	5	1	4	810.000	3340.000	4150.000	0	0	1	1	3	5	2	4	2	3	1	5	1	4	2	2	2	2	2	2	2	2	2	2	2	815.000	890.000	1030.000	1490.000	2105.000	2200.000	2905.000	3005.000	3315.000	3855.000	4010.000	-842150451	-1	7370	-1	-1	1	0	3500.000	2940.000	
8	7	1	0	2	0	41241345324	3332	7	1	4	1	2	4	1	3	4	1	3	2	4	795.000	4510.000	5305.000	1	0	-1	4	1	3	4	1	3	4	1	3	2	4	2	2	2	2	2	2	2	2	2	2	2	800.000	995.000	1225.000	2430.000	2715.000	3000.000	3615.000	3865.000	4020.000	5065.000	5150.000	-842150451	-1	8525	-1	-1	1	0	3500.000	2940.000	
8	8	1	0	2	0	35421252143	2333	9	4	3	5	4	2	1	2	5	2	1	4	3	845.000	4195.000	5040.000	0	0	1	3	5	4	2	1	2	5	2	1	4	3	2	2	2	2	2	2	2	2	2	2	2	850.000	1080.000	1405.000	2030.000	2165.000	2300.000	2865.000	3295.000	3660.000	4750.000	4865.000	-842150451	-1	8260	-1	-1	1	0	3500.000	2940.000	
8	9	1	0	2	0	35421252143	2333	7	3	3	5	4	2	1	2	5	3	1	4	3	870.000	4825.000	5695.000	0	0	1	3	5	4	2	1	2	5	3	1	4	3	2	2	2	2	2	2	2	2	2	2	2	875.000	1990.000	2585.000	2870.000	2995.000	3760.000	4270.000	4515.000	5270.000	5415.000	5570.000	-842150451	-1	8915	-1	-1	1	0	3500.000	2940.000	
8	10	1	0	2	0	13524232514	2333	9	1	1	3	5	2	4	2	3	2	5	1	4	690.000	2630.000	3320.000	0	0	1	1	3	5	2	4	2	3	2	5	1	4	2	2	2	2	2	2	2	2	2	2	2	695.000	765.000	910.000	1330.000	1455.000	1585.000	2140.000	2275.000	2515.000	3075.000	3175.000	-842150451	-1	6540	-1	-1	1	0	3500.000	2940.000	
8	11	1	0	2	0	42143134241	2333	5	5	4	2	1	4	3	5	3	4	2	4	1	720.000	3780.000	4500.000	0	0	1	4	2	1	4	3	5	3	4	2	4	1	2	2	2	2	2	2	2	2	2	2	2	725.000	855.000	945.000	1460.000	2045.000	2235.000	2770.000	3145.000	3510.000	4230.000	4370.000	-842150451	-1	7720	-1	-1	1	0	3500.000	2940.000	
8	12	1	0	2	0	31253423515	2333	7	3	3	1	2	5	3	4	2	3	5	1	5	710.000	4110.000	4820.000	1	0	-1	3	1	3	5	3	4	2	3	5	1	5	2	2	2	2	2	2	2	2	2	2	2	715.000	815.000	1050.000	1925.000	2270.000	2475.000	3005.000	3485.000	3760.000	4405.000	4645.000	-842150451	-1	8040	-1	-1	1	0	3500.000	2940.000	
8	13	1	0	2	0	51423252413	3332	7	3	5	1	4	2	3	2	5	3	4	1	3	760.000	3585.000	4345.000	0	0	1	5	1	4	2	3	2	5	3	4	1	3	2	2	2	2	2	2	2	2	2	2	2	765.000	965.000	1145.000	1590.000	1710.000	1825.000	3240.000	3400.000	3585.000	4120.000	4200.000	-842150451	-1	7565	-1	-1	1	0	3500.000	2940.000	
8	14	1	0	2	0	51423252413	3332	9	1	5	1	4	2	3	2	5	2	4	1	3	660.000	3095.000	3755.000	0	0	1	5	1	4	2	3	2	5	2	4	1	3	2	2	2	2	2	2	2	2	2	2	2	665.000	790.000	960.000	1470.000	1550.000	1680.000	2350.000	2530.000	3045.000	3545.000	3630.000	-842150451	-1	6975	-1	-1	1	0	3500.000	2940.000	
8	15	1	0	2	0	14325242135	3332	9	4	1	4	3	2	5	2	4	2	1	4	5	855.000	3320.000	4175.000	0	0	1	1	4	3	2	5	2	4	2	1	4	5	2	2	2	2	2	2	2	2	2	2	2	860.000	1055.000	1250.000	1790.000	1945.000	2110.000	2585.000	2760.000	2945.000	3840.000	4025.000	-842150451	-1	7395	-1	-1	1	0	3500.000	2940.000	
8	16	1	0	2	0	43241325345	2333	5	4	4	3	2	4	1	4	2	5	3	4	5	1170.000	3905.000	5075.000	0	0	1	4	3	2	4	1	4	2	5	3	4	5	2	2	2	2	2	2	2	2	2	2	2	1175.000	1275.000	1605.000	2180.000	2400.000	2660.000	3260.000	3585.000	3945.000	4615.000	4930.000	-842150451	-1	8295	-1	-1	1	0	3500.000	2940.000	
8	17	1	0	2	0	51423252413	3332	5	4	5	1	4	2	3	4	5	2	4	1	3	915.000	3920.000	4835.000	1	0	-1	5	1	4	2	3	2	5	2	4	1	3	2	2	2	2	2	2	2	2	2	2	2	920.000	1090.000	1235.000	1760.000	1880.000	2020.000	3245.000	3565.000	4190.000	4615.000	4695.000	-842150451	-1	8055	-1	-1	1	0	3500.000	2940.000	
8	18	1	0	2	0	13524232514	2333	9	1	1	3	5	2	4	2	3	2	5	1	4	665.000	2975.000	3640.000	0	0	1	1	3	5	2	4	2	3	2	5	1	4	2	2	2	2	2	2	2	2	2	2	2	670.000	815.000	1085.000	1425.000	1680.000	1945.000	2335.000	2535.000	2985.000	3360.000	3485.000	-842150451	-1	6860	-1	-1	1	0	3500.000	2940.000	
8	19	1	0	2	0	51435414152	3332	5	4	5	1	4	3	5	4	1	4	1	5	2	845.000	4395.000	5240.000	0	0	1	5	1	4	3	5	4	1	4	1	5	2	2	2	2	2	2	2	2	2	2	2	2	850.000	1100.000	1360.000	2535.000	2860.000	3180.000	3500.000	3860.000	4190.000	4825.000	5115.000	-842150451	-1	8460	-1	-1	1	0	3500.000	2940.000	
8	20	1	0	2	0	41414241215	3332	5	3	4	1	4	1	4	3	4	1	2	1	5	770.000	4970.000	5740.000	1	0	-1	4	1	4	2	4	3	4	1	2	1	5	2	2	2	2	2	2	2	2	2	2	2	775.000	965.000	1185.000	1845.000	2665.000	3005.000	3790.000	4170.000	4595.000	5260.000	5580.000	-842150451	-1	8960	-1	-1	1	0	3500.000	2940.000	
8	21	1	0	2	0	51423252413	3332	7	2	5	1	4	2	3	2	5	2	4	1	3	625.000	2795.000	3420.000	0	0	1	5	1	4	2	3	2	5	2	4	1	3	2	2	2	2	2	2	2	2	2	2	2	630.000	850.000	1130.000	1460.000	1715.000	2030.000	2305.000	2565.000	2795.000	3100.000	3255.000	-842150451	-1	6640	-1	-1	1	0	3500.000	2940.000	
8	22	1	0	2	0	14325242135	3332	5	2	1	4	3	2	5	2	4	2	1	3	5	695.000	2750.000	3445.000	0	0	1	1	4	3	2	5	2	4	2	1	3	5	2	2	2	2	2	2	2	2	2	2	2	700.000	845.000	1065.000	1490.000	1710.000	1940.000	2450.000	2640.000	2785.000	3195.000	3310.000	-842150451	-1	6665	-1	-1	1	0	3500.000	2940.000	
8	23	1	0	2	0	14325242135	3332	9	3	1	4	3	2	5	2	4	2	1	3	5	725.000	2965.000	3690.000	0	0	1	1	4	3	2	5	2	4	2	1	3	5	2	2	2	2	2	2	2	2	2	2	2	730.000	845.000	990.000	1435.000	1540.000	1685.000	2370.000	2850.000	2910.000	3450.000	3550.000	-842150451	-1	6910	-1	-1	1	0	3500.000	2940.000	
8	24	1	0	2	0	14325242135	3332	5	3	1	4	3	2	5	3	4	2	1	3	5	790.000	3410.000	4200.000	1	0	-1	1	4	3	2	5	2	4	2	1	3	5	2	2	2	2	2	2	2	2	2	2	2	795.000	880.000	1025.000	1625.000	1760.000	1890.000	2795.000	3015.000	3190.000	3925.000	4050.000	-842150451	-1	7420	-1	-1	1	0	3500.000	2940.000	
9	1	1	0	2	0	14325242135	3332	7	5	1	4	3	2	5	2	4	5	1	3	5	870.000	4550.000	5420.000	1	0	-1	1	4	3	2	5	2	5	5	1	3	5	2	2	2	2	2	2	2	2	2	2	2	875.000	1380.000	1490.000	2085.000	2205.000	2340.000	3205.000	4225.000	4570.000	5095.000	5260.000	-842150451	-1	8640	-1	-1	1	0	3500.000	2940.000	
9	2	1	0	2	0	51423252413	3332	5	4	5	1	4	2	3	4	5	2	4	1	3	905.000	3575.000	4480.000	0	0	1	5	1	4	2	3	4	5	2	4	1	3	2	2	2	2	2	2	2	2	2	2	2	910.000	1120.000	1300.000	1750.000	2220.000	2450.000	3100.000	3560.000	3780.000	4245.000	4345.000	-842150451	-1	7700	-1	-1	1	0	3500.000	2940.000	
9	3	1	0	2	0	24141325134	2333	9	2	2	4	1	4	1	3	2	5	1	2	4	1270.000	3355.000	4625.000	0	0	1	2	4	1	4	1	3	2	5	1	2	4	2	2	2	2	2	2	2	2	2	2	2	1275.000	1445.000	1640.000	2270.000	2420.000	2675.000	3295.000	3425.000	3735.000	4310.000	4465.000	-842150451	-1	7845	-1	-1	1	0	3500.000	2940.000	
9	4	1	0	2	0	35134532423	3332	5	2	3	5	1	3	4	2	3	2	4	2	3	1470.000	3230.000	4700.000	0	0	1	3	5	1	3	4	2	3	2	4	2	3	2	2	2	2	2	2	2	2	2	2	2	1475.000	1660.000	1810.000	2340.000	2615.000	2790.000	3595.000	3715.000	3935.000	4485.000	4545.000	-842150451	-1	7920	-1	-1	1	0	3500.000	2940.000	
9	5	1	0	2	0	51423252413	3332	7	3	5	1	4	2	3	2	5	3	4	1	3	800.000	3455.000	4255.000	0	0	1	5	1	4	2	3	2	5	3	4	1	3	2	2	2	2	2	2	2	2	2	2	2	805.000	1230.000	1345.000	1795.000	1895.000	2010.000	3290.000	3485.000	3640.000	4060.000	4115.000	-842150451	-1	7475	-1	-1	1	0	3500.000	2940.000	
9	6	1	0	2	0	35421252143	2333	9	2	3	5	4	2	1	2	5	2	1	2	3	740.000	3360.000	4100.000	0	0	1	3	5	4	2	1	2	5	2	1	2	3	2	2	2	2	2	2	2	2	2	2	2	745.000	885.000	1240.000	2115.000	2245.000	2390.000	2990.000	3205.000	3315.000	3905.000	3960.000	-842150451	-1	7320	-1	-1	1	0	3500.000	2940.000	
9	7	1	0	2	0	13524232514	2333	9	1	1	3	5	2	4	2	3	2	5	1	4	735.000	2970.000	3705.000	0	0	1	1	3	5	2	4	2	3	2	5	1	4	2	2	2	2	2	2	2	2	2	2	2	740.000	860.000	1000.000	1430.000	1655.000	1745.000	2375.000	2510.000	2820.000	3415.000	3545.000	-842150451	-1	6925	-1	-1	1	0	3500.000	2940.000	
9	8	1	0	2	0	13524232514	2333	9	1	1	3	5	2	4	2	3	2	5	1	4	720.000	2815.000	3535.000	0	0	1	1	3	5	2	4	2	3	2	5	1	4	2	2	2	2	2	2	2	2	2	2	2	725.000	830.000	990.000	1495.000	1685.000	1795.000	2415.000	2510.000	2755.000	3300.000	3350.000	-842150451	-1	6755	-1	-1	1	0	3500.000	2940.000	
9	9	1	0	2	0	54241415343	3332	5	5	5	4	2	4	1	5	1	5	3	4	3	1390.000	4155.000	5545.000	0	0	1	5	4	2	4	1	5	1	5	3	4	3	2	2	2	2	2	2	2	2	2	2	2	1395.000	1440.000	2210.000	3165.000	3420.000	3695.000	4100.000	4390.000	4775.000	5170.000	5460.000	-842150451	-1	8765	-1	-1	1	0	3500.000	2940.000	
9	10	1	0	2	0	35421252143	2333	9	4	3	5	4	2	1	2	5	2	1	4	3	970.000	3550.000	4520.000	0	0	1	3	5	4	2	1	2	5	2	1	4	3	2	2	2	2	2	2	2	2	2	2	2	975.000	1280.000	1570.000	2215.000	2330.000	2465.000	3110.000	3295.000	3420.000	4310.000	4350.000	-842150451	-1	7740	-1	-1	1	0	3500.000	2940.000	
9	11	1	0	2	0	35421252143	2333	5	2	3	5	4	2	1	2	5	2	1	4	3	775.000	3145.000	3920.000	0	0	1	3	5	4	2	1	2	5	2	1	4	3	2	2	2	2	2	2	2	2	2	2	2	780.000	980.000	1290.000	1885.000	1975.000	2090.000	2780.000	2915.000	3065.000	3735.000	3790.000	-842150451	-1	7140	-1	-1	1	0	3500.000	2940.000	
9	12	1	0	2	0	14342535313	2333	5	1	1	4	3	4	2	1	3	5	3	1	3	900.000	3805.000	4705.000	0	0	1	1	4	3	4	2	1	3	5	3	1	3	2	2	2	2	2	2	2	2	2	2	2	905.000	1075.000	1195.000	1920.000	2015.000	2150.000	3285.000	3550.000	3845.000	4520.000	4590.000	-842150451	-1	7925	-1	-1	1	0	3500.000	2940.000	
9	13	1	0	2	0	51423252413	3332	9	1	5	1	4	2	3	2	5	2	4	1	3	855.000	2910.000	3765.000	0	0	1	5	1	4	2	3	2	5	2	4	1	3	2	2	2	2	2	2	2	2	2	2	2	860.000	1220.000	1430.000	1985.000	2065.000	2160.000	2670.000	2805.000	3020.000	3610.000	3660.000	-842150451	-1	6985	-1	-1	1	0	3500.000	2940.000	
9	14	1	0	2	0	13521321515	3332	9	1	1	3	5	2	1	3	2	1	5	1	5	745.000	2985.000	3730.000	0	0	1	1	3	5	2	1	3	2	1	5	1	5	2	2	2	2	2	2	2	2	2	2	2	750.000	840.000	990.000	1530.000	1685.000	1890.000	2510.000	2615.000	2820.000	3500.000	3560.000	-842150451	-1	6950	-1	-1	1	0	3500.000	2940.000	
9	15	1	0	2	0	51354132351	2333	7	5	5	1	3	5	4	1	3	5	3	5	1	745.000	3635.000	4380.000	0	0	1	5	1	3	5	4	1	3	5	3	5	1	2	2	2	2	2	2	2	2	2	2	2	750.000	885.000	1035.000	1885.000	2145.000	2310.000	2890.000	3280.000	3840.000	3945.000	4305.000	-842150451	-1	7600	-1	-1	1	0	3500.000	2940.000	
9	16	1	0	2	0	51423252413	3332	7	2	5	1	4	2	3	2	5	2	4	1	3	640.000	2805.000	3445.000	0	0	1	5	1	4	2	3	2	5	2	4	1	3	2	2	2	2	2	2	2	2	2	2	2	645.000	780.000	885.000	1540.000	1665.000	1760.000	2420.000	2580.000	2765.000	3280.000	3330.000	-842150451	-1	6665	-1	-1	1	0	3500.000	2940.000	
9	17	1	0	2	0	13524232514	2333	9	2	1	3	5	2	4	2	3	2	5	2	4	740.000	3145.000	3885.000	0	0	1	1	3	5	2	4	2	3	2	5	2	4	2	2	2	2	2	2	2	2	2	2	2	745.000	825.000	955.000	1400.000	1635.000	1720.000	2540.000	2625.000	2735.000	3700.000	3755.000	-842150451	-1	7105	-1	-1	1	0	3500.000	2940.000	
9	18	1	0	2	0	35421252143	2333	7	4	3	5	4	2	1	2	5	4	1	4	3	1160.000	3450.000	4610.000	0	0	1	3	5	4	2	1	2	5	4	1	4	3	2	2	2	2	2	2	2	2	2	2	2	1165.000	1260.000	1535.000	2020.000	2135.000	2255.000	2860.000	3150.000	3465.000	4390.000	4510.000	-842150451	-1	7830	-1	-1	1	0	3500.000	2940.000	
9	19	1	0	2	0	14325242135	3332	5	2	1	4	3	2	5	2	4	2	1	3	5	1005.000	3030.000	4035.000	0	0	1	1	4	3	2	5	2	4	2	1	3	5	2	2	2	2	2	2	2	2	2	2	2	1010.000	1135.000	1270.000	1855.000	2420.000	2530.000	3260.000	3365.000	3480.000	3850.000	3915.000	-842150451	-1	7255	-1	-1	1	0	3500.000	2940.000	
9	20	1	0	2	0	13524232514	2333	7	2	1	3	5	2	4	2	3	2	5	1	4	750.000	2895.000	3645.000	0	0	1	1	3	5	2	4	2	3	2	5	1	4	2	2	2	2	2	2	2	2	2	2	2	755.000	820.000	920.000	1500.000	1585.000	1705.000	2295.000	2375.000	2705.000	3385.000	3480.000	-842150451	-1	6865	-1	-1	1	0	3500.000	2940.000	
9	21	1	0	2	0	14325242135	3332	9	4	1	4	3	2	5	2	4	2	1	4	5	770.000	2775.000	3545.000	0	0	1	1	4	3	2	5	2	4	2	1	4	5	2	2	2	2	2	2	2	2	2	2	2	775.000	845.000	945.000	1535.000	1705.000	1870.000	2335.000	2445.000	2575.000	3230.000	3335.000	-842150451	-1	6765	-1	-1	1	0	3500.000	2940.000	
9	22	1	0	2	0	21545124124	3332	5	4	2	1	5	4	5	4	2	4	1	2	4	1025.000	4505.000	5530.000	0	0	1	2	1	5	4	5	4	2	4	1	2	4	2	2	2	2	2	2	2	2	2	2	2	1030.000	1125.000	1345.000	2270.000	2440.000	2845.000	3400.000	3630.000	4265.000	4900.000	5410.000	-842150451	-1	8750	-1	-1	1	0	3500.000	2940.000	
9	23	1	0	2	0	14325242135	3332	7	2	1	4	3	2	5	2	4	2	1	3	5	720.000	2430.000	3150.000	0	0	1	1	4	3	2	5	2	4	2	1	3	5	2	2	2	2	2	2	2	2	2	2	2	725.000	870.000	985.000	1480.000	1590.000	1735.000	2180.000	2305.000	2455.000	2905.000	3005.000	-842150451	-1	6370	-1	-1	1	0	3500.000	2940.000	
9	24	1	0	2	0	34315243412	2333	5	3	3	4	3	1	5	3	4	3	4	1	2	1110.000	3175.000	4285.000	1	0	-1	3	4	3	1	5	3	4	3	4	1	3	2	2	2	2	2	2	2	2	2	2	2	1115.000	1245.000	1440.000	1995.000	2145.000	2520.000	3075.000	3210.000	3585.000	4095.000	4160.000	-842150451	-1	7505	-1	-1	1	0	3500.000	2940.000	
10	1	1	0	2	0	53532134134	3332	7	5	5	3	5	3	2	1	3	5	1	3	4	1115.000	3440.000	4555.000	1	0	-1	5	3	5	3	1	1	3	5	1	3	4	2	2	2	2	2	2	2	2	2	2	2	1120.000	1275.000	1440.000	1990.000	2200.000	2830.000	3260.000	3465.000	3990.000	4195.000	4430.000	-842150451	-1	7775	-1	-1	1	0	3500.000	2940.000	
10	2	1	0	2	0	35421252143	2333	7	2	3	5	4	2	1	2	5	2	1	4	3	800.000	3815.000	4615.000	0	0	1	3	5	4	2	1	2	5	2	1	4	3	2	2	2	2	2	2	2	2	2	2	2	805.000	965.000	1315.000	1600.000	1780.000	2700.000	3190.000	3415.000	3535.000	4420.000	4450.000	-842150451	-1	7835	-1	-1	1	0	3500.000	2940.000	
10	3	1	0	2	0	51423252413	3332	7	3	5	1	4	2	3	2	5	3	4	1	3	945.000	2875.000	3820.000	0	0	1	5	1	4	2	3	2	5	3	4	1	3	2	2	2	2	2	2	2	2	2	2	2	950.000	1085.000	1430.000	1810.000	1930.000	2040.000	2800.000	3010.000	3170.000	3685.000	3710.000	-842150451	-1	7040	-1	-1	1	0	3500.000	2940.000	
10	4	1	0	2	0	14325242135	3332	7	2	1	4	3	2	5	2	4	2	1	3	5	875.000	2935.000	3810.000	0	0	1	1	4	3	2	5	2	4	2	1	3	5	2	2	2	2	2	2	2	2	2	2	2	880.000	1005.000	1085.000	1600.000	1925.000	2050.000	2835.000	2925.000	2980.000	3515.000	3655.000	-842150451	-1	7030	-1	-1	1	0	3500.000	2940.000	
10	5	1	0	2	0	41431512425	3332	5	2	4	1	4	3	1	2	1	2	4	2	5	835.000	4915.000	5750.000	1	0	-1	5	1	4	3	1	2	1	2	4	2	5	2	2	2	2	2	2	2	2	2	2	2	840.000	1845.000	2040.000	2745.000	3130.000	3495.000	3970.000	4520.000	5110.000	5420.000	5610.000	-842150451	-1	8970	-1	-1	1	0	3500.000	2940.000	
10	6	1	0	2	0	35421252143	2333	5	4	3	5	4	2	1	4	5	2	1	4	3	925.000	3640.000	4565.000	0	0	1	3	5	4	2	1	4	5	2	1	4	3	2	2	2	2	2	2	2	2	2	2	2	930.000	1165.000	1420.000	1895.000	2050.000	2405.000	3030.000	3205.000	3575.000	4355.000	4425.000	-842150451	-1	7785	-1	-1	1	0	3500.000	2940.000	
10	7	1	0	2	0	14325242135	3332	5	3	1	4	3	2	5	3	4	2	1	3	5	1050.000	3380.000	4430.000	0	0	1	1	4	3	2	5	3	4	2	1	3	5	2	2	2	2	2	2	2	2	2	2	2	1055.000	1225.000	1365.000	2060.000	2255.000	2720.000	3485.000	3585.000	3705.000	4115.000	4285.000	-842150451	-1	7650	-1	-1	1	0	3500.000	2940.000	
10	8	1	0	2	0	12123153123	3332	9	5	1	2	1	2	3	1	5	3	1	5	3	905.000	5175.000	6080.000	1	0	-1	1	2	1	2	3	2	5	3	1	5	3	2	2	2	2	2	2	2	2	2	2	2	910.000	1095.000	1210.000	1370.000	2610.000	2680.000	4155.000	4680.000	5410.000	5655.000	5955.000	-842150451	-1	9300	-1	-1	1	0	3500.000	2940.000	
10	9	1	0	2	0	14325242135	3332	7	5	1	4	3	2	5	2	4	5	1	3	5	740.000	4025.000	4765.000	0	0	1	1	4	3	2	5	2	4	5	1	3	5	2	2	2	2	2	2	2	2	2	2	2	745.000	1005.000	1140.000	1745.000	1925.000	2205.000	3320.000	3580.000	4070.000	4435.000	4600.000	-842150451	-1	7985	-1	-1	1	0	3500.000	2940.000	
10	10	1	0	2	0	51423252413	3332	5	2	5	1	4	2	3	2	5	2	4	1	3	900.000	4020.000	4920.000	0	0	1	5	1	4	2	3	2	5	2	4	1	3	2	2	2	2	2	2	2	2	2	2	2	905.000	1065.000	1255.000	1675.000	1865.000	2000.000	2740.000	3950.000	4020.000	4740.000	4790.000	-842150451	-1	8140	-1	-1	1	0	3500.000	2940.000	
10	11	1	0	2	0	45245345445	2333	9	1	4	5	2	4	5	3	4	5	4	1	5	1025.000	4130.000	5155.000	0	0	1	4	5	2	4	5	3	4	5	4	1	5	2	2	2	2	2	2	2	2	2	2	2	1030.000	1230.000	1455.000	2145.000	2315.000	2665.000	3465.000	3745.000	4030.000	4815.000	4930.000	-842150451	-1	8375	-1	-1	1	0	3500.000	2940.000	
10	12	1	0	2	0	35421252143	2333	9	2	3	5	4	2	1	2	5	2	1	2	3	700.000	3335.000	4035.000	1	0	-1	3	5	4	2	1	2	5	2	1	3	3	2	2	2	2	2	2	2	2	2	2	2	705.000	865.000	1185.000	1815.000	1915.000	2025.000	2655.000	2775.000	2865.000	3225.000	3935.000	-842150451	-1	7255	-1	-1	1	0	3500.000	2940.000	
10	13	1	0	2	0	43241524524	3332	5	4	4	3	2	4	1	4	2	4	5	2	4	1015.000	4180.000	5195.000	0	0	1	4	3	2	4	1	4	2	4	5	2	4	2	2	2	2	2	2	2	2	2	2	2	1020.000	1200.000	1375.000	2255.000	2420.000	2785.000	3480.000	3840.000	4260.000	4695.000	5030.000	-842150451	-1	8415	-1	-1	1	0	3500.000	2940.000	
10	14	1	0	2	0	13524232514	2333	9	2	1	3	5	2	4	2	3	2	5	2	4	815.000	3600.000	4415.000	0	0	1	1	3	5	2	4	2	3	2	5	2	4	2	2	2	2	2	2	2	2	2	2	2	820.000	930.000	1115.000	1595.000	1770.000	1890.000	2490.000	2555.000	3365.000	4070.000	4285.000	-842150451	-1	7635	-1	-1	1	0	3500.000	2940.000	
10	15	1	0	2	0	13524232514	2333	5	1	1	3	5	2	4	1	3	2	5	1	4	780.000	4020.000	4800.000	0	0	1	1	3	5	2	4	1	3	2	5	1	4	2	2	2	2	2	2	2	2	2	2	2	785.000	880.000	1110.000	1885.000	2390.000	2520.000	3305.000	3485.000	3830.000	4450.000	4585.000	-842150451	-1	8020	-1	-1	1	0	3500.000	2940.000	
10	16	1	0	2	0	34134232521	2333	7	2	3	4	1	3	4	2	3	2	5	2	1	745.000	4795.000	5540.000	1	0	-1	4	4	1	3	4	2	3	2	5	2	1	2	2	2	2	2	2	2	2	2	2	2	750.000	1465.000	1965.000	2595.000	2930.000	3360.000	4000.000	4430.000	4835.000	5245.000	5405.000	-842150451	-1	8760	-1	-1	1	0	3500.000	2940.000	
10	17	1	0	2	0	14325242135	3332	7	2	1	4	3	2	5	2	4	2	1	3	5	1240.000	3035.000	4275.000	0	0	1	1	4	3	2	5	2	4	2	1	3	5	2	2	2	2	2	2	2	2	2	2	2	1245.000	1330.000	1405.000	2025.000	2400.000	2475.000	3260.000	3345.000	3445.000	3925.000	4035.000	-842150451	-1	7495	-1	-1	1	0	3500.000	2940.000	
10	18	1	0	2	0	53534254223	2333	9	1	5	3	5	3	4	2	5	4	2	1	3	1165.000	5165.000	6330.000	0	0	1	5	3	5	3	4	2	5	4	2	1	3	2	2	2	2	2	2	2	2	2	2	2	1170.000	1345.000	1480.000	2560.000	2645.000	2755.000	4245.000	4910.000	5525.000	6105.000	6195.000	-842150451	-1	9550	-1	-1	1	0	3500.000	2940.000	
10	19	1	0	2	0	13524232514	2333	9	1	1	3	5	2	4	2	3	2	5	1	4	840.000	3380.000	4220.000	0	0	1	1	3	5	2	4	2	3	2	5	1	4	2	2	2	2	2	2	2	2	2	2	2	845.000	880.000	1000.000	1635.000	1730.000	1850.000	2575.000	2665.000	3175.000	3965.000	4055.000	-842150451	-1	7440	-1	-1	1	0	3500.000	2940.000	
10	20	1	0	2	0	35421252143	2333	7	2	3	5	4	2	1	2	5	2	1	4	3	1415.000	3885.000	5300.000	0	0	1	3	5	4	2	1	2	5	2	1	4	3	2	2	2	2	2	2	2	2	2	2	2	1420.000	1830.000	2125.000	2795.000	2915.000	3040.000	4070.000	4190.000	4315.000	5090.000	5115.000	-842150451	-1	8520	-1	-1	1	0	3500.000	2940.000	
10	21	1	0	2	0	13524232514	2333	7	2	1	3	5	2	4	2	3	2	5	1	4	765.000	3155.000	3920.000	0	0	1	1	3	5	2	4	2	3	2	5	1	4	2	2	2	2	2	2	2	2	2	2	2	770.000	845.000	1000.000	1485.000	1670.000	1760.000	2600.000	2690.000	2840.000	3625.000	3670.000	-842150451	-1	7140	-1	-1	1	0	3500.000	2940.000	
10	22	1	0	2	0	51423252413	3332	9	5	5	1	4	2	3	2	5	2	4	5	3	810.000	3585.000	4395.000	0	0	1	5	1	4	2	3	2	5	2	4	5	3	2	2	2	2	2	2	2	2	2	2	2	815.000	990.000	1135.000	1700.000	1805.000	1905.000	2585.000	2705.000	2820.000	3920.000	4270.000	-842150451	-1	7615	-1	-1	1	0	3500.000	2940.000	
10	23	1	0	2	0	51423252413	3332	7	2	5	1	4	2	3	2	5	2	4	1	3	845.000	2330.000	3175.000	0	0	1	5	1	4	2	3	2	5	2	4	1	3	2	2	2	2	2	2	2	2	2	2	2	850.000	990.000	1075.000	1535.000	1605.000	1715.000	2175.000	2295.000	2415.000	3030.000	3075.000	-842150451	-1	6395	-1	-1	1	0	3500.000	2940.000	
10	24	1	0	2	0	15434214312	2333	9	4	1	5	4	3	4	2	1	4	3	4	2	1165.000	4600.000	5765.000	0	0	1	1	5	4	3	4	2	1	4	3	4	2	2	2	2	2	2	2	2	2	2	2	2	1170.000	1280.000	1685.000	2490.000	2890.000	3160.000	4040.000	4490.000	4630.000	5395.000	5625.000	-842150451	-1	8985	-1	-1	1	0	3500.000	2940.000	
